1 19 1
2 17 1
3 2 2
4 18 0
5 13 1
6 21 -7
7 9 -1
8 16 0
9 5 -1
10 24 -2
11 29 1
12 20 10
13 23 -1
14 21 1
15 24 18
16 20 2
17 52 -6
18 69 9
19 38 -10
20 29 -11
21 23 -1
22 29 -5
23 46 0
24 36 -2
25 8 -4
26 30 -6
27 24 -4
28 11 5
29 19 1
30 24 -2
31 16 -2
32 38 0
33 28 -4
34 32 -8
35 33 -9
36 30 -2
37 27 1
38 17 1
39 4 0
40 22 2
41 21 -3
42 28 -8
43 17 -1
44 20 -6
45 35 1
46 25 -1
47 31 -5
48 28 -12
49 31 -13
50 28 -6
51 24 -6
52 54 -14
53 28 -16
54 21 -9
55 52 -10
56 35 -5
57 15 -1
58 15 1
59 26 -2
60 33 -3
61 41 1
62 36 -4
63 14 0
64 18 2
65 19 -1
66 22 2
67 27 3
68 24 2
69 15 1
70 28 -2
71 28 -8
72 92 6
73 33 -1
74 76 -16
75 24 -6
76 50 0
77 25 3
78 27 3
79 10 0
80 30 -4
81 46 4
82 34 -6
83 68 -16
84 65 -17
85 37 -15
86 15 -3
87 14 -4
88 46 -20
89 65 -21
90 43 -11
91 26 6
92 13 -3
93 38 0
94 9 -1
95 1 1
96 0 0
97 20 2
98 25 7
99 36 -2
100 60 -6
101 25 1
102 10 0
103 11 -1
104 7 1
105 21 -1
106 24 -2
107 39 1
108 5 -1
109 10 -2
110 2 -2
111 17 1
112 0 0
113 2 -2
114 0 0
115 0 0
116 0 0
117 0 0
118 1 1
119 3 -1
120 3 -1
121 0 0
122 0 0
123 0 0
124 0 0
125 0 0
126 0 0
127 0 0
128 13 -1
129 3 -1
130 5 -1
131 6 0
132 7 -1
133 7 -1
134 11 3
135 4 4
136 37 1
137 7 -1
138 17 1
139 32 -4
140 18 6
141 13 -3
142 20 -8
143 16 4
144 10 2
145 15 -3
146 28 2
147 22 0
148 38 -4
149 28 0
150 33 3
151 16 -4
152 54 -10
153 27 3
154 33 9
155 18 -2
156 71 -7
157 49 11
158 37 1
159 43 3
160 30 -2
161 33 7
162 30 -4
163 29 -1
164 37 5
165 46 -10
166 24 2
167 19 -3
168 30 -2
169 30 -6
170 45 -5
171 37 -5
172 45 5
173 31 -5
174 21 -1
175 32 -8
176 45 3
177 35 -3
178 29 -9
179 46 -2
180 11 7
181 21 -7
182 10 -4
183 20 -4
184 52 -14
185 58 -6
186 41 -7
187 39 -9
188 40 0
189 13 3
190 51 -5
191 29 5
192 50 -10
193 54 2
194 65 -5
195 55 -3
196 49 7
197 54 -6
198 39 -3
199 28 -2
200 36 0
201 24 2
202 42 -8
203 74 -10
204 54 -6
205 70 -12
206 76 -10
207 100 -4
208 57 -15
209 44 0
210 42 2
211 34 -2
212 49 -5
213 64 -2
214 3 1
215 4 0
