1 20 8
2 27 11
3 39 1
4 49 -7
5 72 20
6 27 5
7 1620 78
8 4 2
9 44 -4
10 66 6
11 47 1
12 49 7
13 16 2
14 18 8
15 2 0
16 18 0
17 19 -1
18 16 2
19 12 0
20 35 1
21 6 0
22 16 2
23 31 -1
24 10 -2
25 41 3
26 8 0
27 6 -2
28 63 -7
29 112 -26
30 67 -21
31 58 4
32 80 -2
33 100 -42
34 179 -79
35 185 -25
36 112 -10
37 58 2
38 212 32
39 43 21
40 27 3
41 46 8
42 35 11
43 27 1
44 47 1
45 76 -6
46 172 -130
47 303 -211
48 425 -207
49 738 -20
50 255 -85
51 805 -79
52 722 -184
53 409 -119
54 561 -121
55 252 -22
56 323 5
57 400 -210
58 1633 -107
59 664 -194
60 436 38
61 1210 -116
62 808 -72
63 785 -151
64 1003 -307
65 683 -103
66 1002 -16
67 731 -135
68 555 -189
69 279 -119
70 185 -69
71 331 -183
72 123 -61
73 709 -331
74 1795 -549
75 1014 -132
76 699 -295
77 266 -126
78 917 -11
79 510 -210
80 317 -143
81 715 -65
82 1025 -93
83 1433 -55
84 563 -67
85 496 -70
86 937 -83
87 1564 -324
88 943 -255
89 1331 -97
90 748 -160
91 492 -118
92 692 -46
93 306 -40
94 418 -16
95 270 -42
96 319 -53
97 137 -31
98 332 -52
99 207 -29
100 139 -67
101 119 -35
102 93 -23
103 123 -19
104 133 -11
105 123 -39
106 70 -14
107 46 -14
108 55 -5
109 100 -12
110 44 -14
111 61 -19
112 92 -28
113 36 -8
114 52 -16
115 56 -12
116 21 -11
117 19 -13
118 34 -2
119 59 -17
120 37 -13
121 49 -23
122 81 -5
123 16 -4
124 31 -7
125 14 -6
126 31 5
127 80 4
128 69 -17
129 12 -2
130 38 2
131 38 -4
132 112 18
133 71 -23
134 391 47
135 490 -10
136 254 14
137 540 44
138 698 -30
139 1711 47
140 882 -46
141 1222 136
142 1728 -2
143 1765 39
144 1899 -71
145 1834 44
146 2910 148
147 2172 -216
148 2668 166
149 3090 -18
150 1867 -157
151 1729 13
152 2150 46
153 2138 2
154 1681 -99
155 487 -105
156 1420 106
157 739 -73
158 119 -77
159 139 29
160 527 63
161 465 -43
162 449 -1
163 136 -50
164 283 25
165 607 21
166 214 -34
167 158 -4
168 179 1
169 335 9
170 327 3
171 230 -16
172 101 -15
173 189 3
174 26 -4
175 74 2
176 57 -1
177 79 1
178 127 3
179 46 -4
180 28 0
181 74 0
182 24 -2
183 31 1
184 3 -1
185 2 0
186 39 -1
187 27 -1
188 8 0
189 38 0
190 26 2
191 28 0
192 23 1
193 42 0
194 21 3
195 39 -1
196 11 1
197 41 -3
198 20 2
199 39 3
200 55 -5
201 159 3
202 77 -3
203 145 -1
204 221 1
205 194 2
206 74 -8
207 47 7
208 113 3
209 105 -5
210 20 -4
211 120 8
212 249 11
213 387 9
214 438 2
215 239 -19
216 236 8
217 390 6
218 547 5
219 748 32
220 389 -7
221 210 -22
222 935 97
223 543 -103
224 338 38
225 1053 61
226 1755 59
227 1402 40
228 1069 3
229 2769 169
230 1617 -145
231 649 -61
232 1588 118
233 2793 29
234 1609 117
235 2012 -10
236 1619 35
237 2515 21
238 3764 28
239 4318 88
240 3419 -57
241 1473 67
242 5238 52
243 755 -131
244 2669 125
245 1530 6
246 3779 95
247 3070 12
248 2235 117
249 671 29
250 399 33
251 1078 54
252 79 -17
253 2956 226
254 267 -63
255 20 -4
256 2508 180
257 385 -31
258 599 29
259 5491 197
260 4694 128
261 3164 54
262 1669 1
263 6941 363
264 6738 90
265 7199 135
266 4232 54
267 6995 413
268 5892 52
269 4679 233
270 6218 170
271 8227 207
272 3357 -3
273 2168 84
274 1137 41
275 800 48
276 490 124
277 1988 186
278 247 -133
279 106 26
280 860 62
281 53 -21
282 2150 228
283 255 -109
284 294 122
285 487 99
286 5032 304
287 4446 20
288 2394 110
289 1338 -180
290 4736 216
291 3906 266
292 2419 -117
293 1730 60
294 1091 -9
295 3324 124
296 270 -46
297 3047 409
298 570 -310
299 3695 211
300 2089 41
301 1568 -32
302 135 -115
303 879 93
304 965 41
305 275 -91
306 895 85
307 415 -27
308 660 6
309 79 -17
310 678 22
311 348 22
312 899 87
313 989 55
314 619 -75
315 745 79
316 1177 41
317 1325 67
318 1604 58
319 2201 -53
320 837 -27
321 3874 74
322 2288 -38
323 969 -39
324 1274 168
325 400 -218
326 1344 190
327 2053 189
328 1961 69
329 1304 4
330 1057 115
331 527 -7
332 222 -28
333 880 272
334 391 115
335 477 107
336 358 92
337 318 190
338 276 -32
339 876 170
340 672 122
341 701 13
342 254 -68
343 552 354
344 6907 -1031
345 142 2
346 301 45
347 512 90
348 243 -5
349 604 84
350 1010 54
351 791 201
352 532 176
353 547 155
354 358 -158
355 257 -9
356 851 65
357 559 81
358 326 -18
359 348 122
360 649 377
361 222 120
362 184 78
363 108 70
364 62 38
365 139 -11
366 114 -18
