1 1 1
2 11 -5
3 5 -3
4 6 0
5 9 -3
6 12 0
7 13 -1
8 23 -9
9 5 -1
10 12 4
11 24 2
12 12 -2
13 7 1
14 5 1
15 12 -4
16 0 0
17 2 0
18 4 0
19 3 -1
20 8 0
21 3 -1
22 9 1
23 6 0
24 8 0
25 5 3
26 13 3
27 19 3
28 14 4
29 15 3
30 16 2
31 14 4
32 7 1
33 3 -1
34 7 3
35 18 -4
36 9 -1
37 16 -2
38 24 -2
39 5 1
40 3 -1
41 3 1
42 5 1
43 18 4
44 13 1
45 13 3
46 17 3
47 2 2
48 12 2
49 26 2
50 11 7
51 8 2
52 13 5
53 21 1
54 9 1
55 14 0
56 21 -1
57 12 -2
58 2 0
59 7 3
60 4 0
61 0 0
62 3 1
63 6 0
64 25 15
65 9 7
66 14 12
67 31 15
68 23 19
69 48 34
70 32 22
71 85 25
72 48 16
73 52 28
74 50 20
75 54 28
76 93 -7
77 33 1
78 36 2
79 35 5
80 46 16
81 145 21
82 48 24
83 142 22
84 124 44
85 78 44
86 181 37
87 63 15
88 79 19
89 50 30
90 105 27
91 128 48
92 134 56
93 98 34
94 70 16
95 79 19
96 34 12
97 64 14
98 41 13
99 47 15
100 21 15
101 41 5
102 47 11
103 55 9
104 54 18
105 23 5
106 23 7
107 31 11
108 33 9
109 11 7
110 9 7
111 10 10
112 16 2
113 15 5
114 142 4
115 16 0
116 5 1
117 5 5
118 6 0
119 10 2
120 6 6
121 0 0
122 1 1
123 4 0
124 10 2
125 14 0
126 59 -5
127 55 1
128 100 -22
129 230 -8
130 323 -13
131 306 22
132 284 -36
133 287 -9
134 88 38
135 382 -74
136 206 22
137 60 40
138 262 -42
139 357 -11
140 256 14
141 137 9
142 230 -24
143 202 2
144 227 -17
145 176 16
146 271 -39
147 202 26
148 244 -4
149 146 6
150 76 12
151 161 -35
152 125 11
153 41 29
154 60 -30
155 207 3
156 38 16
157 60 -12
158 39 5
159 39 1
160 57 7
161 26 6
162 45 -9
163 32 2
164 19 -1
165 75 -7
166 24 0
167 49 1
168 20 2
169 8 2
170 10 0
171 10 -4
172 30 0
173 5 3
174 0 0
175 9 -3
176 5 1
177 6 2
178 0 0
179 2 0
180 0 0
181 0 0
182 0 0
183 2 0
184 0 0
185 2 0
186 13 -1
187 2 0
188 4 0
189 0 0
190 0 0
191 1 -1
192 0 0
193 2 0
194 2 0
195 4 0
196 2 0
197 1 -1
198 10 0
199 1 -1
200 6 -2
201 6 2
202 4 0
203 3 -1
204 0 0
205 119 -3
206 3 3
207 1 -1
208 5 -1
209 4 0
210 96 -4
211 54 -4
212 38 -6
213 45 3
214 36 -8
215 64 -2
216 132 -26
217 56 18
218 416 -26
219 270 4
220 173 1
221 152 -4
222 30 26
223 73 -9
224 403 -15
225 352 -42
226 169 25
227 321 -33
228 697 -19
229 527 -3
230 445 -9
231 850 -14
232 146 30
233 105 -1
234 81 11
235 36 0
236 58 -20
237 53 15
238 37 7
239 7 -3
240 52 -14
241 131 -5
242 30 2
243 83 -9
244 90 2
245 83 -15
246 294 -6
247 98 4
248 134 -16
249 101 -19
250 58 -10
251 191 -25
252 172 -10
253 58 4
254 56 -2
255 128 -18
256 70 -8
257 134 -10
258 75 -13
259 174 -28
260 204 -8
261 123 15
262 76 -8
263 297 -35
264 221 -5
265 18 4
266 2 -2
267 36 0
268 39 -3
269 69 -9
270 39 -7
271 52 -12
272 53 -7
273 88 -12
274 53 -7
275 106 -8
276 53 -9
277 212 -26
278 163 -11
279 195 -19
280 103 1
281 132 -4
282 162 -6
283 241 -21
284 195 -5
285 103 -15
286 147 -31
287 361 -59
288 294 4
289 286 -6
290 347 -17
291 102 -12
292 163 -13
293 269 -9
294 169 9
295 48 0
296 38 0
297 2 -2
298 8 -4
299 13 -1
300 10 -2
301 58 6
302 25 1
303 26 0
304 8 0
305 75 -29
306 71 7
307 242 -10
308 88 12
309 163 -13
310 111 3
311 168 -12
312 138 -6
313 264 -18
314 135 7
315 69 3
316 111 -21
317 279 3
318 263 -17
319 263 15
320 170 0
321 107 -7
322 110 -30
323 92 0
324 88 -28
325 66 -22
326 104 -18
327 115 1
328 39 -1
329 38 -18
330 87 -21
331 165 -33
332 80 16
333 49 -5
334 81 -13
335 134 -10
336 129 -9
337 48 14
338 106 -26
339 185 -19
340 90 -8
341 59 -3
342 93 -21
343 52 12
344 191 -29
345 117 -13
346 109 -7
347 55 -3
348 76 -24
349 62 -8
350 45 -15
351 27 3
352 47 19
353 40 -12
354 15 1
355 17 -5
356 12 0
357 18 -6
358 15 3
359 22 -10
360 34 -12
361 16 -2
362 5 -3
363 18 -2
364 15 3
365 19 -1
366 15 3
