1 16 -8
2 26 -10
3 25 -5
4 18 4
5 20 0
6 11 3
7 8 0
8 10 0
9 16 -6
10 4 -2
11 11 -3
12 3 1
13 17 5
14 5 1
15 23 -9
16 11 -1
17 15 1
18 6 -2
19 10 -4
20 3 -1
21 0 0
22 0 0
23 2 0
24 0 0
25 0 0
26 0 0
27 0 0
28 3 -1
29 15 1
30 3 -1
31 3 -1
32 3 1
33 16 2
34 11 1
35 3 1
36 6 0
37 8 2
38 9 3
39 36 8
40 31 7
41 16 8
42 9 1
43 6 2
44 9 5
45 26 4
46 13 5
47 35 1
48 13 9
49 30 6
50 37 5
51 32 4
52 39 5
53 48 -2
54 76 6
55 67 1
56 60 16
57 76 12
58 98 4
59 186 -4
60 139 15
61 70 6
62 49 13
63 78 12
64 95 11
65 122 0
66 133 19
67 102 10
68 116 8
69 176 8
70 108 12
71 90 14
72 118 22
73 95 1
74 155 13
75 170 14
76 156 18
77 235 25
78 141 17
79 207 19
80 245 25
81 347 31
82 263 11
83 98 18
84 93 11
85 91 19
86 167 11
87 179 29
88 79 15
89 117 27
90 366 26
91 68 24
92 110 16
93 136 24
94 26 12
95 30 12
96 24 8
97 35 13
98 49 19
99 60 14
100 40 10
101 13 9
102 31 7
103 12 4
104 10 4
105 6 6
106 25 7
107 18 4
108 16 6
109 50 4
110 27 1
111 19 1
112 12 2
113 12 6
114 3 3
115 0 0
116 44 2
117 31 7
118 2 2
119 2 2
120 1 1
121 17 -3
122 11 3
123 7 1
124 1 1
125 2 0
126 56 -6
127 4 4
128 43 -3
129 37 1
130 4 2
131 52 -10
132 37 1
133 24 0
134 23 1
135 37 -3
136 45 -5
137 31 3
138 167 -15
139 107 5
140 90 10
141 33 15
142 155 -17
143 172 -8
144 175 5
145 52 14
146 203 -31
147 55 43
148 63 -19
149 56 12
150 93 -11
151 89 5
152 62 10
153 121 -21
154 123 7
155 158 -24
156 58 46
157 22 -6
158 129 -29
159 42 34
160 9 -5
161 56 -8
162 54 -6
163 35 25
164 0 0
165 0 0
166 25 5
167 34 -10
168 39 5
169 31 5
170 25 3
171 54 -4
172 29 3
173 19 -3
174 23 -5
175 34 6
176 24 -6
177 14 8
178 9 1
179 13 -1
180 19 1
181 18 2
182 15 1
183 6 0
184 7 1
185 8 2
186 8 0
187 13 -1
188 9 1
189 5 -1
190 10 2
191 16 2
192 16 0
193 10 2
194 23 1
195 13 -1
196 12 0
197 17 1
198 12 0
199 26 0
200 17 -3
201 33 1
202 12 0
203 18 0
204 14 0
205 26 -2
206 20 0
207 35 1
208 35 -1
209 31 1
210 22 -4
211 56 2
212 37 3
213 29 5
214 245 -7
215 49 1
216 60 -8
217 171 7
218 29 -3
219 76 6
220 207 -11
221 450 -8
222 43 19
223 67 3
224 85 -13
225 156 0
226 110 0
227 70 8
228 97 1
229 361 -27
230 50 28
231 189 -19
232 359 -27
233 350 -8
234 396 -10
235 1108 -8
236 357 25
237 584 -40
238 867 -7
239 921 1
240 630 20
241 1006 -54
242 615 15
243 685 -13
244 323 25
245 1115 -33
246 551 -1
247 250 10
248 488 6
249 758 -4
250 355 -9
251 653 -21
252 664 -22
253 376 28
254 410 4
255 27 17
256 449 -57
257 544 10
258 432 -20
259 225 -13
260 266 -6
261 36 8
262 267 -17
263 364 2
264 378 -2
265 525 -19
266 569 -33
267 895 -77
268 101 47
269 367 -23
270 101 13
271 786 -92
272 111 61
273 11 3
274 777 -119
275 207 51
276 47 -9
277 446 -24
278 34 16
279 469 -33
280 55 29
281 219 -41
282 313 -21
283 15 3
284 263 -41
285 25 3
286 417 -63
287 80 18
288 390 -38
289 26 0
290 12 -8
291 55 -29
292 102 -18
293 327 -31
294 19 3
295 706 -56
296 820 -18
297 363 7
298 207 -7
299 72 -10
300 65 -9
301 954 -40
302 345 17
303 111 9
304 70 -10
305 48 2
306 9 -3
307 122 -26
308 333 -5
309 290 -4
310 343 -1
311 183 7
312 47 3
313 122 -24
314 59 3
315 25 -3
316 28 -2
317 52 -10
318 21 1
319 80 -14
320 68 -4
321 44 -4
322 26 -6
323 15 1
324 31 -13
325 228 -18
326 71 9
327 148 -24
328 182 4
329 131 11
330 96 -4
331 173 -19
332 91 9
333 118 -20
334 300 -48
335 105 -21
336 100 -40
337 74 10
338 151 -33
339 51 1
340 107 -51
341 38 14
342 113 -25
343 118 -2
344 73 -21
345 86 -26
346 63 -7
347 45 -5
348 16 -2
349 18 -6
350 46 -10
351 37 -1
352 30 2
353 53 -9
354 30 0
355 71 -13
356 75 -11
357 32 0
358 40 -12
359 19 1
360 36 -6
361 58 -10
362 93 -29
363 36 -8
364 8 0
365 22 -8
366 9 3
