1 9 3
2 25 3
3 17 1
4 26 14
5 22 0
6 18 2
7 34 10
8 22 -2
9 21 1
10 12 -2
11 25 3
12 23 1
13 19 5
14 32 12
15 13 1
16 11 1
17 15 -1
18 8 -2
19 15 -7
20 6 -2
21 25 -7
22 15 1
23 8 -2
24 10 0
25 5 3
26 12 0
27 9 -1
28 3 -1
29 6 0
30 9 -3
31 14 2
32 3 3
33 15 -1
34 5 -3
35 9 -1
36 26 -12
37 11 -11
38 9 5
39 10 -2
40 8 0
41 1 1
42 0 0
43 0 0
44 0 0
45 0 0
46 3 1
47 9 -1
48 5 -3
49 6 -2
50 14 -6
51 26 -14
52 23 -13
53 33 -13
54 36 -14
55 88 -12
56 29 -11
57 18 -10
58 57 -19
59 45 -19
60 32 -18
61 24 -8
62 43 -23
63 49 -21
64 36 -14
65 62 -2
66 31 -25
67 21 -5
68 35 -7
69 40 -16
70 76 -20
71 21 -15
72 38 -14
73 34 -16
74 44 -10
75 43 -21
76 84 -14
77 80 -40
78 70 -28
79 130 -28
80 42 -24
81 62 -16
82 61 -25
83 57 -25
84 103 -27
85 85 -19
86 70 -20
87 38 -26
88 85 -21
89 255 -21
90 155 -19
91 257 -15
92 79 -25
93 25 -13
94 37 -21
95 11 -7
96 28 2
97 16 -2
98 26 -12
99 20 -16
100 38 -20
101 15 -3
102 18 -10
103 16 -10
104 7 -7
105 17 -9
106 43 -7
107 43 -3
108 52 -8
109 37 -3
110 9 1
111 27 5
112 25 -7
113 5 -1
114 2 -2
115 4 0
116 2 -2
117 0 0
118 2 -2
119 2 0
120 8 -2
121 5 -3
122 0 0
123 3 -3
124 2 -2
125 0 0
126 5 -1
127 1 -1
128 1 -1
129 0 0
130 0 0
131 0 0
132 0 0
133 1 1
134 1 -1
135 0 0
136 2 2
137 1 -1
138 0 0
139 5 -1
140 2 0
141 3 1
142 8 -4
143 1 -1
144 2 0
145 2 0
146 4 0
147 6 2
148 9 3
149 23 -5
150 13 3
151 25 5
152 19 -3
153 54 10
154 200 -46
155 20 14
156 46 -20
157 20 -8
158 69 13
159 100 -4
160 87 7
161 70 -4
162 47 -9
163 52 6
164 38 0
165 42 4
166 51 7
167 41 3
168 59 -1
169 60 -8
170 76 8
171 22 -18
172 1 -1
173 2 2
174 5 1
175 5 -1
176 34 4
177 48 2
178 11 -3
179 5 -3
180 15 5
181 6 -4
182 1 -1
183 0 0
184 2 0
185 0 0
186 0 0
187 2 2
188 0 0
189 0 0
190 0 0
191 0 0
192 2 0
193 12 0
194 0 0
195 0 0
196 0 0
197 0 0
198 0 0
199 0 0
200 0 0
201 0 0
202 0 0
203 7 3
204 4 0
205 0 0
206 0 0
207 1 -1
208 0 0
209 1 1
210 1 -1
211 0 0
212 0 0
213 0 0
214 1 1
215 0 0
216 6 0
217 9 1
218 68 0
219 5 -1
220 2 0
221 6 0
222 15 5
223 64 8
224 46 0
225 90 -8
226 43 11
227 116 0
228 84 -12
229 7 -7
230 2 2
231 44 24
232 102 12
233 400 50
234 107 -43
235 64 -4
236 152 20
237 219 17
238 59 -43
239 93 29
240 112 18
241 94 -24
242 148 2
243 594 82
244 172 -32
245 274 30
246 362 2
247 245 -3
248 422 34
249 602 12
250 524 0
251 472 10
252 397 5
253 296 30
254 370 36
255 139 -5
256 547 81
257 683 -19
258 522 36
259 161 7
260 768 62
261 393 -9
262 182 -4
263 46 -14
264 63 15
265 355 17
266 232 0
267 22 8
268 301 37
269 948 74
270 375 -13
271 96 4
272 459 35
273 53 -39
274 94 12
275 44 0
276 16 8
277 282 36
278 1018 94
279 171 -67
280 423 23
281 474 28
282 281 -7
283 404 38
284 420 16
285 166 2
286 280 42
287 312 20
288 134 12
289 707 91
290 191 -37
291 330 36
292 93 17
293 25 7
