1 29 -3
2 57 23
3 47 11
4 21 1
5 54 -4
6 62 10
7 113 61
8 78 48
9 24 12
10 66 -46
11 86 -26
12 65 31
13 91 21
14 82 38
15 84 38
16 56 -6
17 47 5
18 16 -4
19 59 15
20 22 8
21 19 -3
22 11 -3
23 83 -23
24 160 -42
25 141 -27
26 47 -25
27 67 -13
28 66 -10
29 71 -25
30 53 -9
31 21 -1
32 34 -6
33 18 0
34 31 11
35 59 11
36 26 12
37 38 8
38 27 13
39 15 3
40 44 10
41 59 -5
42 68 -12
43 67 -11
44 15 -7
45 57 -7
46 32 -16
47 145 -79
48 54 -30
49 52 -26
50 91 -53
51 55 -19
52 50 0
53 50 -4
54 77 -5
55 62 0
56 27 1
57 62 0
58 56 0
59 67 3
60 7 1
61 14 4
62 59 1
63 130 -2
64 1549 -1249
65 314 -294
66 467 -403
67 677 -427
68 331 -219
69 398 -260
70 1564 -1016
71 773 -277
72 674 -220
73 348 -88
74 362 -62
75 352 -90
76 224 66
77 46 16
78 122 14
79 241 -3
80 199 -57
81 510 -366
82 262 -124
83 435 -127
84 354 -164
85 635 -137
86 545 -117
87 495 -231
88 357 -81
89 264 -86
90 189 -125
91 328 -74
92 421 -97
93 500 -200
94 254 -136
95 421 -53
96 339 -39
97 133 -19
98 381 -101
99 685 -25
100 106 -18
101 222 -28
102 188 -10
103 163 -25
104 245 -21
105 64 -18
106 96 -24
107 117 -21
108 91 -23
109 79 -21
110 260 -20
111 606 0
112 317 -9
113 307 -15
114 124 -28
115 65 -11
116 26 -8
117 63 -5
118 112 6
119 212 14
120 85 -33
121 17 -3
122 26 0
123 64 8
124 112 -6
125 503 37
126 1187 9
127 1686 68
128 2517 75
129 3583 127
130 3344 -4
131 2309 -87
132 3071 87
133 3108 28
134 1584 -320
135 3676 546
136 3301 -203
137 1358 -356
138 1920 200
139 2939 191
140 2727 -29
141 2035 -183
142 2333 67
143 3181 35
144 1659 -105
145 1693 13
146 2063 169
147 1546 -226
148 1668 86
149 1578 -58
150 713 -77
151 1769 75
152 942 -84
153 311 -39
154 980 74
155 745 -17
156 238 -54
157 805 47
158 460 -20
159 326 -2
160 335 3
161 78 -18
162 302 16
163 94 -18
164 180 8
165 400 16
166 101 -11
167 56 -2
168 81 -1
169 200 -2
170 28 -2
171 91 1
172 62 0
173 4 -2
174 10 0
175 29 3
176 20 -2
177 21 1
178 76 0
179 87 5
180 63 1
181 247 3
182 62 2
183 66 0
184 221 -1
185 206 -6
186 170 0
187 155 -5
188 291 5
189 185 -3
190 245 -1
191 227 3
192 175 3
193 187 -3
194 250 0
195 149 -5
196 265 1
197 270 0
198 236 2
199 228 4
200 420 6
201 332 -2
202 225 -1
203 390 -2
204 329 3
205 379 11
206 300 -10
207 392 6
208 449 -1
209 698 10
210 641 -3
211 621 7
212 861 23
213 649 -29
214 787 45
215 850 -12
216 1332 62
217 925 -61
218 1783 99
219 2332 34
220 1510 -46
221 1234 52
222 120 -68
223 198 22
224 1287 81
225 2103 57
226 993 -75
227 2590 100
228 4272 26
229 3729 -63
230 3629 35
231 3558 20
232 3359 -29
233 3087 107
234 4637 55
235 4690 0
236 1352 -28
237 504 -58
238 157 -17
239 170 12
240 579 75
241 1408 274
242 450 -68
243 2715 175
244 1965 59
245 2268 80
246 4020 80
247 4240 202
248 5846 216
249 5324 214
250 1441 -71
251 1401 -1
252 6012 236
253 5638 102
254 1671 39
255 7529 225
256 3962 54
257 6478 338
258 4680 -174
259 8930 356
260 8239 1
261 4229 39
262 5819 207
263 6737 195
264 4879 79
265 309 -249
266 490 6
267 232 -16
268 348 42
269 636 20
270 318 56
271 1107 83
272 247 -5
273 384 4
274 982 42
275 87 7
276 335 43
277 3393 277
278 3377 89
279 3806 162
280 3184 -46
281 2591 145
282 2565 63
283 3664 36
284 2345 109
285 3608 280
286 5331 281
287 5649 157
288 5338 -34
289 6073 177
290 4693 -61
291 4263 15
292 3570 -4
293 1868 -14
294 1002 -36
295 558 -50
296 294 14
297 58 -16
298 42 20
299 46 20
300 44 -2
301 706 78
302 472 -6
303 287 13
304 84 -42
305 1769 227
306 1530 -110
307 3093 267
308 1905 -149
309 2252 116
310 2740 64
311 2755 -101
312 3176 108
313 4019 151
314 3592 -166
315 2231 -99
316 2817 173
317 2605 147
318 3366 68
319 2449 -123
320 1764 40
321 2698 34
322 1744 136
323 2123 81
324 1294 86
325 711 81
326 1742 242
327 938 20
328 678 -24
329 470 98
330 1774 320
331 2243 357
332 1109 -239
333 602 -118
334 1803 175
335 2574 176
336 1841 -129
337 689 -109
338 2860 398
339 2350 348
340 1978 -20
341 742 2
342 1100 126
343 421 -123
344 2185 731
345 1226 6
346 1078 78
347 779 101
348 824 254
349 588 96
350 546 218
351 274 4
352 542 -272
353 519 51
354 265 -49
355 219 23
356 170 -14
357 170 14
358 115 -1
359 244 70
360 372 156
361 155 51
362 121 43
363 168 54
364 206 -8
365 152 2
366 89 -43
