1 67 3
2 124 30
3 176 74
4 167 55
5 102 40
6 140 30
7 116 34
8 89 -13
9 90 6
10 68 4
11 95 13
12 42 2
13 77 31
14 76 16
15 42 8
16 28 -4
17 62 14
18 36 2
19 19 9
20 0 0
21 27 3
22 20 2
23 25 1
24 90 2
25 100 -26
26 159 -55
27 82 -28
28 73 -11
29 52 2
30 58 -6
31 33 7
32 51 -11
33 136 -28
34 59 -5
35 44 2
36 32 -10
37 185 -39
38 467 -93
39 152 -12
40 40 -4
41 110 12
42 87 -17
43 73 -25
44 129 -7
45 104 8
46 71 17
47 44 12
48 60 4
49 126 -16
50 147 -47
51 204 -54
52 383 -115
53 668 -154
54 208 -56
55 115 -43
56 133 -61
57 144 -16
58 134 -38
59 82 -12
60 129 -27
61 147 -11
62 290 -108
63 160 -68
64 181 -89
65 237 -97
66 179 -57
67 673 -239
68 122 -68
69 969 -383
70 479 -181
71 372 -76
72 260 -92
73 193 -101
74 359 -83
75 300 -142
76 576 -140
77 272 -184
78 989 -615
79 895 -185
80 829 -155
81 886 -330
82 1318 -598
83 510 -160
84 354 -98
85 855 -467
86 560 -96
87 511 -367
88 1094 -116
89 304 -44
90 760 -50
91 725 -41
92 300 -28
93 650 -70
94 1124 -70
95 866 -116
96 410 -38
97 425 -33
98 97 -27
99 250 -22
100 263 -13
101 415 -37
102 973 -25
103 234 -22
104 199 -35
105 144 -14
106 114 -10
107 150 -22
108 528 -20
109 51 -17
110 47 -25
111 50 -12
112 161 -15
113 15 -11
114 11 -9
115 22 -10
116 20 -4
117 46 -6
118 9 -3
119 21 -7
120 20 -12
121 16 -10
122 19 -9
123 22 -6
124 33 -23
125 49 -3
126 20 0
127 19 -7
128 44 -2
129 19 -7
130 106 -6
131 331 9
132 931 41
133 396 -42
134 1194 40
135 175 -59
136 17 -1
137 721 33
138 643 5
139 2005 101
140 951 -71
141 1076 90
142 1531 -81
143 2055 71
144 1149 -63
145 288 -80
146 2667 127
147 3637 201
148 1001 -231
149 2348 164
150 1660 -64
151 1109 -81
152 2442 130
153 1533 -17
154 611 -113
155 385 15
156 2121 143
157 1828 -66
158 1179 -11
159 2192 78
160 1414 -70
161 545 -47
162 1434 76
163 791 -49
164 793 57
165 324 -82
166 134 -6
167 487 33
168 132 -36
169 176 4
170 121 5
171 76 -10
172 99 11
173 57 -9
174 58 0
175 134 6
176 39 -9
177 27 3
178 26 0
179 29 -1
180 15 -1
181 1 -1
182 10 0
183 14 0
184 10 0
185 18 -2
186 34 2
187 51 -1
188 36 0
189 29 1
190 33 1
191 47 -1
192 39 -1
193 40 0
194 44 0
195 65 5
196 79 -1
197 46 -4
198 28 0
199 55 1
200 87 1
201 114 0
202 86 2
203 59 -1
204 171 7
205 254 6
206 341 -3
207 523 -1
208 367 -5
209 452 2
210 241 -5
211 595 15
212 360 -12
213 261 7
214 464 20
215 645 11
216 34 0
217 51 -1
218 691 37
219 1165 45
220 1040 -8
221 495 -21
222 1329 47
223 742 -34
224 528 -4
225 128 -24
226 887 119
227 1822 12
228 2763 43
229 2304 -36
230 1928 -10
231 2236 84
232 3409 53
233 727 -187
234 1130 78
235 1510 90
236 5424 120
237 4147 9
238 6323 61
239 4414 -74
240 3056 30
241 3256 28
242 6431 93
243 4429 137
244 7689 37
245 8516 24
246 6588 56
247 0 0
248 0 0
249 0 0
250 0 0
251 0 0
252 0 0
253 0 0
254 0 0
255 0 0
256 0 0
257 0 0
258 0 0
259 0 0
260 0 0
261 0 0
262 0 0
263 0 0
264 0 0
265 0 0
266 0 0
267 0 0
268 0 0
269 0 0
270 0 0
271 0 0
272 0 0
273 0 0
274 0 0
275 0 0
276 0 0
277 0 0
278 0 0
279 0 0
280 0 0
281 0 0
282 0 0
283 0 0
284 0 0
285 0 0
286 0 0
287 0 0
288 0 0
289 0 0
290 0 0
291 0 0
292 0 0
293 0 0
294 0 0
295 0 0
296 0 0
297 0 0
298 0 0
299 0 0
300 0 0
301 0 0
302 0 0
303 0 0
304 0 0
305 0 0
306 0 0
307 0 0
308 0 0
309 0 0
310 0 0
311 0 0
312 0 0
313 0 0
314 0 0
315 0 0
316 0 0
317 0 0
318 0 0
319 0 0
320 0 0
321 0 0
322 0 0
323 0 0
324 0 0
325 0 0
326 0 0
327 0 0
328 0 0
329 0 0
330 0 0
331 0 0
332 0 0
333 0 0
334 1104 260
335 695 159
336 645 101
337 1797 249
338 1090 28
339 447 37
340 620 148
341 333 41
342 324 28
343 380 -106
344 534 130
345 515 -31
346 322 -30
347 626 292
348 603 41
349 347 89
350 128 2
351 321 35
352 256 134
353 275 93
354 452 52
355 511 259
356 411 181
357 250 -32
358 279 -41
359 261 77
360 157 -21
361 171 -45
362 332 202
363 125 13
364 103 29
365 136 56
366 46 26
367 29 15
