1 7 -3
2 17 1
3 12 -2
4 14 4
5 19 -5
6 1 -1
7 2 0
8 3 -1
9 4 2
10 19 3
11 3 -1
12 13 -5
13 9 -1
14 7 -1
15 0 0
16 5 -1
17 0 0
18 3 -1
19 2 0
20 2 0
21 3 -1
22 3 -1
23 8 0
24 6 -2
25 3 1
26 3 -1
27 0 0
28 4 0
29 9 3
30 2 0
31 4 -2
32 5 1
33 12 0
34 12 2
35 9 1
36 3 -1
37 12 6
38 5 1
39 10 0
40 4 0
41 5 -3
42 9 -1
43 15 -3
44 3 3
45 6 2
46 16 8
47 15 3
48 16 0
49 15 5
50 32 6
51 23 15
52 12 2
53 15 3
54 17 1
55 20 2
56 28 10
57 21 7
58 42 6
59 35 5
60 10 -2
61 33 5
62 55 15
63 46 10
64 56 4
65 13 9
66 59 5
67 53 9
68 17 13
69 20 2
70 55 7
71 30 6
72 39 9
73 36 6
74 26 16
75 66 16
76 46 12
77 46 18
78 56 4
79 52 14
80 34 12
81 49 9
82 95 23
83 49 17
84 80 24
85 57 27
86 56 16
87 129 15
88 41 13
89 57 7
90 33 21
91 42 20
92 20 12
93 12 10
94 22 10
95 37 19
96 26 14
97 23 11
98 20 12
99 16 14
100 12 8
101 18 16
102 10 2
103 14 6
104 9 7
105 17 7
106 12 4
107 7 1
108 13 9
109 2 2
110 9 3
111 9 5
112 5 3
113 14 4
114 6 6
115 3 3
116 0 0
117 4 4
118 7 5
119 1 -1
120 3 1
121 1 1
122 2 2
123 0 0
124 3 1
125 1 1
126 5 1
127 5 3
128 2 2
129 0 0
130 4 0
131 5 -1
132 6 0
133 5 3
134 7 -3
135 11 -1
136 28 -4
137 45 -1
138 61 -7
139 43 -5
140 50 10
141 65 -13
142 64 4
143 91 -11
144 81 11
145 94 -10
146 178 -16
147 94 24
148 209 -27
149 130 18
150 149 9
151 81 -5
152 118 -2
153 181 -23
154 151 13
155 538 -76
156 1480 96
157 790 -54
158 139 -63
159 159 25
160 565 47
161 546 -38
162 497 -1
163 158 -40
164 312 18
165 676 12
166 258 -26
167 184 4
168 191 1
169 379 5
170 356 4
171 250 -12
172 121 -15
173 214 -2
174 33 3
175 93 -1
176 67 3
177 86 -2
178 142 2
179 52 -2
180 43 -1
181 84 2
182 24 -2
183 31 1
184 3 -1
185 3 -1
186 40 0
187 27 -1
188 8 0
189 38 0
190 26 2
191 29 1
192 23 1
193 42 0
194 21 3
195 47 -1
196 11 1
197 51 -3
198 44 2
199 43 3
200 55 -5
201 163 3
202 79 -3
203 145 -1
204 221 1
205 194 2
206 74 -8
207 47 7
208 115 3
209 105 -5
210 0 0
211 1 -1
212 1 1
213 6 -2
214 5 1
215 174 0
216 5 3
217 66 -8
218 75 1
219 18 0
220 85 -7
221 22 8
222 292 -16
223 15 9
224 20 -4
225 31 -5
226 119 -27
227 168 -6
228 152 14
229 433 -35
230 110 34
231 62 -2
232 408 -52
233 294 -32
234 308 6
235 305 21
236 331 -35
237 470 10
238 328 -10
239 819 -31
240 601 15
241 309 5
242 549 -15
243 85 45
244 463 -43
245 129 23
246 380 -34
247 431 -7
248 311 5
249 122 6
250 32 4
251 245 -13
252 25 15
253 382 -14
254 33 13
255 3 -1
256 311 -45
257 55 23
258 32 -2
259 456 -34
260 326 2
261 363 -5
262 71 9
263 574 -50
264 661 -15
265 573 -21
266 226 0
267 804 -32
268 335 -11
269 904 -26
270 353 -13
271 1112 -16
272 485 -35
273 101 11
274 180 -14
275 46 -4
276 33 -7
277 606 -50
278 30 12
279 15 1
280 46 -6
281 10 2
282 319 -39
283 36 -2
284 44 -26
285 48 -16
286 712 -26
287 154 -8
288 585 -57
289 236 -12
290 325 -39
291 411 -49
292 220 -2
293 242 -22
294 37 -5
295 128 -32
296 22 0
297 292 -36
298 64 2
299 109 -35
300 160 -4
301 49 1
302 4 4
303 27 -9
304 178 -18
305 23 5
306 58 -20
307 25 1
308 41 -7
309 11 5
310 43 -1
311 42 -2
312 47 -3
313 62 -4
314 54 4
315 60 -12
316 90 6
317 90 -8
318 191 -7
319 64 6
320 164 -18
321 187 1
322 250 4
323 129 7
324 181 -21
325 55 17
326 183 -33
327 301 -7
328 286 -8
329 256 -8
330 216 -26
331 66 0
332 21 1
333 182 -38
334 65 -15
335 58 2
336 58 -16
337 54 -16
338 42 12
339 121 -23
340 161 -29
341 117 1
342 56 8
343 90 -48
344 45 -7
345 20 -2
346 51 -3
347 53 -1
348 25 -7
349 40 -8
350 70 -2
351 79 -15
352 48 -26
353 64 -10
354 40 14
355 23 3
356 70 -6
357 87 -3
358 46 -2
359 60 -10
360 99 -37
361 30 -6
362 39 -5
363 20 -10
364 3 -1
365 24 2
366 10 2
