1 20 -8
2 19 -7
3 18 -12
4 3 -3
5 11 -5
6 5 -3
7 5 1
8 4 2
9 3 1
10 4 2
11 3 1
12 14 0
13 12 -4
14 2 -2
15 1 1
16 6 -4
17 2 0
18 4 0
19 8 -2
20 1 1
21 0 0
22 2 -2
23 3 1
24 7 3
25 2 0
26 11 1
27 9 5
28 25 -3
29 17 5
30 14 -2
31 2 2
32 5 1
33 9 1
34 12 2
35 19 -1
36 22 0
37 24 10
38 19 9
39 14 2
40 13 1
41 10 6
42 23 7
43 29 15
44 5 3
45 11 -1
46 21 -5
47 15 1
48 6 0
49 18 6
50 10 4
51 2 0
52 3 3
53 15 5
54 15 5
55 8 4
56 30 8
57 14 8
58 28 2
59 23 9
60 16 6
61 13 5
62 11 5
63 18 8
64 12 8
65 16 10
66 26 10
67 5 5
68 26 14
69 13 9
70 37 13
71 30 8
72 15 5
73 11 3
74 22 12
75 42 6
76 18 10
77 42 10
78 26 8
79 49 9
80 25 15
81 83 5
82 55 13
83 51 13
84 44 16
85 28 22
86 36 24
87 36 18
88 43 11
89 29 9
90 20 8
91 26 8
92 20 12
93 12 4
94 9 7
95 21 5
96 14 10
97 11 5
98 19 1
99 17 7
100 17 9
101 11 5
102 6 4
103 6 4
104 7 3
105 4 2
106 15 7
107 2 2
108 2 2
109 6 4
110 1 1
111 2 2
112 6 2
113 0 0
114 1 1
115 2 0
116 5 -1
117 0 0
118 0 0
119 2 2
120 6 6
121 6 0
122 3 1
123 1 1
124 0 0
125 1 1
126 6 4
127 1 1
128 2 -2
129 3 -1
130 6 0
131 38 -6
132 17 1
133 18 -2
134 10 6
135 8 -2
136 11 1
137 50 0
138 19 -1
139 55 -3
140 25 -3
141 31 1
142 180 -10
143 57 1
144 12 10
145 79 -11
146 288 -26
147 100 28
148 90 -26
149 79 15
150 41 13
151 137 -13
152 186 -6
153 59 9
154 18 -2
155 87 -31
156 94 16
157 63 -3
158 102 -18
159 140 16
160 30 10
161 36 -10
162 54 4
163 86 -10
164 26 24
165 7 -1
166 16 -8
167 18 8
168 6 0
169 7 -1
170 9 3
171 4 -2
172 5 1
173 3 1
174 7 -3
175 4 0
176 2 0
177 1 1
178 1 -1
179 3 1
180 1 -1
181 5 -3
182 1 1
183 0 0
184 2 0
185 0 0
186 2 0
187 0 0
188 0 0
189 0 0
190 2 0
191 0 0
192 3 -1
193 2 0
194 0 0
195 0 0
196 0 0
197 0 0
198 2 0
199 0 0
200 0 0
201 0 0
202 1 -1
203 0 0
204 0 0
205 0 0
206 0 0
207 2 0
208 2 0
209 0 0
210 1 -1
211 5 1
212 12 -2
213 43 -3
214 46 -2
215 2 2
216 0 0
217 5 -1
218 322 4
219 48 4
220 34 4
221 184 -12
222 98 10
223 135 -5
224 7 7
225 173 -19
226 155 -3
227 234 -14
228 452 -14
229 214 16
230 254 -24
231 240 -8
232 78 36
233 129 -19
234 195 -27
235 379 -57
236 489 -3
237 554 4
238 643 -9
239 271 5
240 253 -35
241 677 -15
242 682 -6
243 602 -16
244 597 23
245 806 -40
246 234 18
247 456 -34
248 47 29
249 452 -64
250 452 -28
251 305 -1
252 249 9
253 561 -49
254 324 -6
255 280 4
256 366 -20
257 542 -16
258 357 -9
259 51 -1
260 194 -18
261 77 7
262 509 -37
263 274 0
264 242 4
265 322 -24
266 345 -11
267 426 -12
268 240 -28
269 222 -6
270 623 -95
271 226 40
272 43 -9
273 90 -6
274 402 -68
275 207 29
276 39 5
277 184 -34
278 405 -33
279 183 -3
280 64 18
281 210 -52
282 592 -48
283 151 7
284 151 11
285 16 -4
286 435 -9
287 82 -2
288 61 -19
289 143 -29
290 33 -9
291 82 -16
292 9 -5
293 21 -1
294 63 -13
295 56 -2
296 195 -37
297 244 -4
298 38 2
299 187 -29
300 205 -15
301 63 5
302 238 -22
303 283 -11
304 254 22
305 118 0
306 50 0
307 197 -11
308 102 -2
309 178 -4
310 55 15
311 51 -1
312 29 9
313 102 -20
314 42 10
315 41 -9
316 170 -24
317 97 11
318 42 4
319 89 -15
320 20 6
321 24 -4
322 25 -1
323 174 -40
324 201 9
325 78 4
326 135 -11
327 395 -19
328 211 9
329 393 -23
330 168 -2
331 66 6
332 46 -2
333 97 -35
334 79 -11
335 69 -1
336 164 -22
337 145 -9
338 65 -13
339 31 -13
340 37 -9
341 22 4
342 49 3
343 60 -6
344 78 6
345 24 6
346 93 -13
347 77 -11
348 32 -2
349 24 0
350 46 -6
351 24 2
352 19 -5
353 50 -6
354 73 -7
355 43 -21
356 31 11
357 33 -3
358 43 -11
359 47 1
360 22 6
361 63 -17
362 29 3
363 26 0
364 40 -16
365 12 -2
366 3 1
