1 158 54
2 351 177
3 251 37
4 57 5
5 57 -9
6 49 -3
7 70 8
8 143 -23
9 72 28
10 61 33
11 31 13
12 58 -4
13 98 -34
14 64 6
15 83 29
16 144 -34
17 95 15
18 44 16
19 21 7
20 23 3
21 14 4
22 14 4
23 6 2
24 10 0
25 3 1
26 25 -5
27 68 -24
28 55 9
29 39 3
30 50 6
31 45 5
32 20 -2
33 63 -3
34 38 6
35 46 -4
36 21 3
37 81 -35
38 100 -56
39 130 -48
40 172 -54
41 171 -21
42 211 -9
43 101 -9
44 154 -78
45 249 -43
46 112 -70
47 403 -231
48 148 -50
49 118 -66
50 84 -34
51 42 -18
52 154 -30
53 386 -120
54 757 -239
55 209 -109
56 616 -110
57 679 -185
58 1956 -188
59 2044 -580
60 2364 -426
61 1579 -27
62 588 -262
63 543 -163
64 527 -37
65 1958 2
66 2070 -376
67 459 -115
68 1098 -58
69 1800 4
70 1402 -132
71 1743 -55
72 649 -173
73 1223 39
74 1773 -133
75 2408 -180
76 815 -367
77 593 -41
78 356 -124
79 879 -165
80 1888 -286
81 1208 -232
82 1059 -213
83 566 -82
84 585 -63
85 948 -56
86 1793 -13
87 1825 -191
88 1259 -149
89 1189 -223
90 1410 -176
91 704 -38
92 1127 -39
93 656 -124
94 382 -42
95 1174 -8
96 427 -37
97 964 -40
98 708 -90
99 641 -45
100 322 -32
101 232 -30
102 770 -14
103 175 -11
104 51 -13
105 75 -21
106 77 -63
107 131 -65
108 40 -30
109 48 -18
110 110 -22
111 143 -17
112 136 -22
113 138 -22
114 135 -3
115 64 -26
116 84 -8
117 163 5
118 169 -17
119 214 16
120 109 -29
121 375 17
122 728 16
123 598 -32
124 106 -14
125 78 6
126 602 24
127 400 -12
128 1091 47
129 679 -37
130 1111 -1
131 2588 114
132 1544 -104
133 1458 38
134 1810 0
135 2284 86
136 1436 -78
137 2412 22
138 2741 271
139 3074 -84
140 2754 -24
141 1237 -229
142 2790 146
143 4655 373
144 3098 -290
145 2249 -67
146 2679 119
147 719 -295
148 2715 217
149 2439 -123
150 1826 94
151 1527 -3
152 2221 -1
153 2438 -86
154 1895 7
155 2915 123
156 692 -206
157 574 6
158 1826 148
159 375 -181
160 491 59
161 712 14
162 1117 25
163 1415 9
164 727 -11
165 204 -68
166 278 4
167 543 37
168 512 -28
169 341 13
170 328 -24
171 99 -7
172 247 7
173 207 -5
174 211 3
175 170 2
176 212 4
177 210 -4
178 154 -14
179 99 1
180 158 -2
181 70 0
182 105 -1
183 47 -3
184 134 4
185 84 2
186 62 0
187 80 2
188 19 -1
189 80 0
190 52 -2
191 29 -1
192 25 1
193 28 0
194 34 0
195 49 3
196 61 3
197 53 -3
198 75 1
199 31 1
200 63 3
201 52 -2
202 65 1
203 90 0
204 97 5
205 237 -1
206 654 2
207 345 -7
208 253 3
209 689 3
210 270 -10
211 663 5
212 417 3
213 629 5
214 1005 15
215 336 -14
216 953 27
217 997 -7
218 1441 53
219 1932 6
220 1208 16
221 2776 56
222 346 -84
223 432 16
224 1231 33
225 1146 4
226 850 -8
227 480 -40
228 1070 50
229 2811 75
230 654 -124
231 1234 74
232 2263 85
233 3843 97
234 1120 40
235 4333 51
236 4177 77
237 6194 104
238 7646 28
239 7826 8
240 6707 65
241 7847 87
242 7214 -32
243 7710 112
244 1755 -107
245 5946 180
246 6297 75
247 8561 83
248 3289 -25
249 4445 89
250 4741 73
251 6421 163
252 6534 118
253 4965 -43
254 4269 73
255 312 -88
256 4782 372
257 2391 119
258 4078 58
259 1652 104
260 1260 48
261 726 -6
262 1796 104
263 1566 54
264 1567 71
265 3291 277
266 3820 94
267 7708 616
268 2363 -527
269 2801 169
270 1542 -54
271 1318 210
272 1069 -47
273 151 -61
274 5203 869
275 1552 -444
276 341 -27
277 2074 198
278 647 -171
279 2099 271
280 791 -203
281 244 90
282 786 110
283 502 -18
284 846 150
285 129 -79
286 1459 261
287 230 -30
288 1142 228
289 266 -82
290 84 22
291 203 95
292 231 63
293 1398 134
294 381 -15
295 1415 241
296 2078 216
297 2157 -45
298 579 -63
299 327 33
300 363 21
301 2647 559
302 1847 -79
303 814 -174
304 579 -55
305 233 -5
306 149 -37
307 399 5
308 1618 14
309 1620 -158
310 2008 -30
311 858 -150
312 245 -93
313 507 -147
314 569 -109
315 176 -30
316 498 -6
317 732 -62
318 215 -87
319 1140 198
320 754 -78
321 906 -126
322 914 74
323 253 -83
324 1261 103
325 3305 213
326 2414 188
327 26 10
328 3358 232
329 2140 -136
330 2040 70
331 3650 208
332 1319 -331
333 3394 486
334 3008 446
335 1346 -82
336 1348 306
337 1539 -29
338 1435 369
339 571 -107
340 649 377
341 504 -144
342 1119 235
343 1051 13
344 829 193
345 644 242
346 560 -6
347 301 99
348 150 4
349 186 44
350 303 59
351 268 -30
352 377 -13
353 712 82
354 515 -5
355 1541 331
356 1010 14
357 299 -55
358 580 164
359 177 9
360 520 138
361 701 235
362 512 194
363 236 86
364 86 16
365 102 4
366 171 41
