1 33 13
2 81 11
3 98 -38
4 163 9
5 78 -6
6 162 8
7 181 67
8 97 -5
9 118 -38
10 141 -35
11 117 51
12 42 8
13 69 -7
14 70 -14
15 171 -25
16 154 -12
17 91 -7
18 203 21
19 144 58
20 24 6
21 78 4
22 81 9
23 48 -6
24 25 5
25 71 19
26 45 5
27 180 -68
28 70 -12
29 45 21
30 50 -4
31 169 -55
32 254 -118
33 139 -41
34 133 -23
35 221 -45
36 148 6
37 78 -22
38 110 -22
39 215 -61
40 245 -75
41 107 -19
42 75 1
43 44 6
44 72 -12
45 258 -56
46 506 -80
47 503 -225
48 832 -236
49 322 -34
50 284 -74
51 717 -47
52 562 -130
53 185 -63
54 458 -136
55 1146 -22
56 811 -275
57 920 -16
58 406 -88
59 531 -17
60 309 -77
61 509 -267
62 1538 -16
63 1413 -343
64 743 -135
65 0 0
66 599 -79
67 527 -41
68 1107 -641
69 1090 -472
70 729 -135
71 791 -297
72 628 -320
73 386 -66
74 1333 -47
75 1423 -251
76 2035 -289
77 2211 -263
78 1153 -163
79 1263 -155
80 2869 -73
81 1337 -73
82 823 -37
83 142 -48
84 302 -58
85 685 -107
86 573 -37
87 1648 -12
88 1875 -45
89 1486 -96
90 914 28
91 1035 -137
92 656 -98
93 730 -84
94 423 -147
95 234 -60
96 447 -87
97 232 -126
98 196 -82
99 86 -24
100 80 -28
101 72 -16
102 128 -18
103 65 -33
104 162 -32
105 106 -6
106 37 -17
107 436 -8
108 35 -17
109 139 -7
110 136 -22
111 88 -6
112 79 -11
113 154 -10
114 263 -1
115 201 -7
116 111 -23
117 82 2
118 239 1
119 908 -6
120 189 -27
121 73 -5
122 225 -1
123 175 17
124 1529 25
125 827 -25
126 538 -4
127 842 38
128 821 -15
129 788 78
130 1307 27
131 2811 71
132 729 -207
133 1547 121
134 2240 134
135 1578 -166
136 2193 161
137 3066 96
138 2599 -133
139 3112 212
140 3089 -53
141 3577 53
142 3734 98
143 2760 -124
144 1681 -133
145 1276 -26
146 1676 4
147 2141 201
148 2048 -74
149 674 -214
150 1004 82
151 1376 8
152 1421 39
153 1377 19
154 914 -46
155 1027 41
156 1079 -55
157 279 -87
158 25 3
159 74 8
160 695 57
161 312 -42
162 357 11
163 852 20
164 474 2
165 307 -21
166 235 1
167 162 -16
168 235 -1
169 327 -1
170 67 -5
171 236 10
172 246 -2
173 179 5
174 82 -2
175 83 3
176 205 1
177 96 -2
178 93 1
179 39 -1
180 64 0
181 43 -5
182 13 -1
183 63 1
184 62 0
185 62 0
186 43 1
187 49 -1
188 7 -1
189 33 1
190 18 0
191 58 2
192 33 -1
193 16 0
194 30 0
195 22 2
196 53 1
197 140 4
198 195 5
199 131 3
200 95 -3
201 174 2
202 406 4
203 221 -5
204 190 2
205 164 0
206 312 -2
207 531 13
208 178 -12
209 311 9
210 107 -1
211 350 4
212 362 2
213 453 3
214 373 1
215 730 18
216 1384 -4
217 747 3
218 630 14
219 1347 35
220 1929 19
221 2577 51
222 2239 35
223 3112 10
224 2519 77
225 2708 -62
226 2976 114
227 3274 -44
228 2898 -8
229 5189 127
230 1960 -120
231 2257 73
232 3194 52
233 3225 1
234 3262 -86
235 5369 155
236 2148 -164
237 4779 129
238 2105 -13
239 490 -88
240 343 9
241 1396 50
242 2342 50
243 3466 158
244 1355 -125
245 1770 96
246 2109 91
247 1896 26
248 310 -66
249 1863 175
250 1089 9
251 2648 126
252 851 93
253 3151 117
254 1914 56
255 3222 222
256 4675 81
257 5177 105
258 4463 157
259 5388 232
260 10084 388
261 2999 -191
262 4450 454
263 5916 174
264 6735 181
265 6764 162
266 7818 144
267 7256 -12
268 2810 -238
269 2826 172
270 842 -144
271 38 -30
272 3229 369
273 1493 -91
274 787 -73
275 1823 153
276 894 22
277 159 -27
278 175 27
279 70 16
280 751 59
281 358 54
282 975 97
283 383 -5
284 1706 226
285 390 -136
286 1295 169
287 2033 209
288 2018 42
289 1183 -79
290 2906 568
291 3408 116
292 2690 -168
293 1838 20
294 1517 77
295 361 -117
296 60 6
297 3781 483
298 2742 -118
299 1120 -80
300 2268 356
301 1407 -227
302 211 -69
303 55 3
304 38 6
305 1057 93
306 1051 9
307 100 -26
308 628 74
309 1060 64
310 1453 111
311 1477 19
312 1895 23
313 2154 8
314 1767 -7
315 2813 181
316 3068 -96
317 3016 88
318 3208 252
319 1873 -323
320 3488 360
321 2929 -183
322 3514 508
323 3390 -202
324 1578 -254
325 3442 676
326 2310 -266
327 2115 -15
328 2841 211
329 2074 -86
330 2160 60
331 1914 138
332 1372 74
333 1446 280
334 1369 41
335 884 100
336 499 139
337 989 105
338 1026 138
339 1399 91
340 1316 80
341 1017 9
342 748 30
343 1167 91
344 1504 114
345 1235 317
346 949 -9
347 1165 -37
348 1563 -7
349 3239 139
350 1757 -47
351 2042 66
352 2690 88
353 3125 205
354 2577 -61
355 2215 19
356 3060 250
357 1388 -416
358 866 142
359 279 -57
360 1163 531
361 383 51
362 289 63
363 144 10
364 283 57
365 297 51
366 225 9
