1 4 0
2 6 -2
3 5 -1
4 9 -1
5 8 2
6 12 2
7 24 -2
8 11 -3
9 5 5
10 13 1
11 0 0
12 1 -1
13 7 1
14 3 1
15 22 4
16 26 8
17 11 3
18 16 0
19 26 -10
20 9 3
21 5 -3
22 20 -4
23 10 0
24 12 0
25 10 -2
26 10 4
27 22 10
28 11 3
29 27 3
30 17 9
31 16 2
32 14 6
33 34 2
34 30 10
35 5 3
36 21 -9
37 17 1
38 36 10
39 37 13
40 32 18
41 85 17
42 18 -8
43 15 1
44 14 12
45 22 16
46 53 13
47 60 24
48 100 22
49 29 5
50 44 10
51 61 13
52 53 17
53 77 13
54 65 17
55 106 -2
56 68 20
57 61 7
58 108 18
59 52 8
60 39 3
61 65 13
62 242 -2
63 68 28
64 49 3
65 91 17
66 50 20
67 38 16
68 104 10
69 48 18
70 107 5
71 49 11
72 97 19
73 95 9
74 129 15
75 123 19
76 156 22
77 194 22
78 206 26
79 190 14
80 156 4
81 117 13
82 79 17
83 51 25
84 35 13
85 56 12
86 52 6
87 60 10
88 107 11
89 78 14
90 40 6
91 24 10
92 46 6
93 101 15
94 18 4
95 35 7
96 63 11
97 38 6
98 36 10
99 24 4
100 20 4
101 37 3
102 12 2
103 18 4
104 15 7
105 3 3
106 3 3
107 9 1
108 20 2
109 5 3
110 10 4
111 9 1
112 6 2
113 21 1
114 7 3
115 30 0
116 3 3
117 3 -1
118 10 -2
119 19 1
120 4 4
121 1 -1
122 3 1
123 7 3
124 6 -2
125 34 -2
126 32 4
127 7 5
128 40 -6
129 55 -3
130 84 0
131 184 -8
132 19 17
133 90 -10
134 376 -4
135 109 15
136 128 -4
137 81 -5
138 174 4
139 359 -21
140 439 9
141 565 -5
142 523 -27
143 333 23
144 75 27
145 100 -2
146 135 3
147 542 -32
148 214 14
149 37 15
150 77 1
151 135 -5
152 104 0
153 229 -5
154 165 3
155 281 11
156 231 -9
157 30 20
158 5 -1
159 23 -1
160 54 -6
161 22 10
162 27 -5
163 67 -17
164 76 2
165 27 7
166 39 -3
167 16 0
168 7 1
169 13 -3
170 10 4
171 14 0
172 24 0
173 14 2
174 30 -2
175 40 0
176 49 -1
177 23 1
178 13 -3
179 13 1
180 16 0
181 36 -6
182 7 3
183 0 0
184 14 0
185 3 -1
186 6 0
187 0 0
188 5 -1
189 5 -1
190 1 1
191 0 0
192 4 0
193 12 0
194 0 0
195 4 0
196 7 -1
197 0 0
198 4 0
199 13 -1
200 10 0
201 80 -4
202 2 0
203 33 -3
204 7 1
205 26 0
206 7 -1
207 0 0
208 0 0
209 0 0
210 0 0
211 0 0
212 0 0
213 0 0
214 0 0
215 0 0
216 0 0
217 0 0
218 0 0
219 0 0
220 0 0
221 0 0
222 0 0
223 0 0
224 0 0
225 0 0
226 0 0
227 0 0
228 0 0
229 0 0
230 0 0
231 0 0
232 0 0
233 0 0
234 0 0
235 0 0
236 0 0
237 399 35
238 619 -25
239 66 -24
240 48 -2
241 94 10
242 343 15
243 425 43
244 129 -41
245 439 23
246 514 8
247 225 23
248 50 -30
249 266 20
250 187 -7
251 393 33
252 333 9
253 195 7
254 128 -8
255 1014 54
256 667 11
257 656 28
258 1032 32
259 698 22
260 502 46
261 234 -18
262 368 18
263 515 39
264 581 -5
265 600 26
266 464 -2
267 658 0
268 159 -19
269 158 24
270 44 -22
271 3 -3
272 228 58
273 303 -29
274 85 -13
275 109 31
276 69 3
277 5 -3
278 20 10
279 37 3
280 54 12
281 29 21
282 49 19
283 17 -1
284 167 37
285 30 -22
286 154 24
287 365 27
288 213 5
289 88 -12
290 269 65
291 363 23
292 279 -25
293 164 24
294 226 36
295 40 4
296 22 0
297 577 73
298 289 -5
299 60 -8
300 493 45
301 112 -26
302 39 1
303 6 -2
304 1 1
305 34 20
306 92 8
307 29 -5
308 47 9
309 127 15
310 365 9
311 180 -16
312 114 12
313 300 24
314 226 6
315 234 0
316 124 -4
317 207 13
318 280 16
319 48 -32
320 300 52
321 208 -28
322 290 44
323 339 -11
324 132 -18
325 297 63
326 179 -5
327 73 -15
328 247 33
329 140 -6
330 108 14
331 111 13
332 66 4
333 88 20
334 87 9
335 73 33
336 60 36
337 68 -4
338 80 14
339 83 5
340 76 10
341 85 -1
342 46 6
343 76 2
344 75 9
345 83 39
346 90 6
347 64 -22
348 55 9
349 66 8
350 56 -4
351 47 9
352 54 10
353 78 12
354 74 10
355 29 1
356 62 14
357 49 15
358 35 17
359 14 2
360 114 66
361 37 11
362 25 9
363 22 -4
364 27 3
365 22 4
366 16 6
367 12 -2
