1 5 -1
2 8 0
3 11 -1
4 2 0
5 9 5
6 2 0
7 13 1
8 3 1
9 5 -1
10 12 2
11 16 2
12 4 0
13 8 0
14 9 1
15 3 1
16 4 0
17 1 1
18 0 0
19 2 0
20 1 -1
21 8 0
22 12 0
23 11 1
24 0 0
25 2 0
26 1 1
27 2 0
28 6 2
29 4 0
30 2 0
31 1 -1
32 0 0
33 2 2
34 2 0
35 2 0
36 0 0
37 0 0
38 6 2
39 1 -1
40 0 0
41 0 0
42 2 0
43 0 0
44 2 0
45 0 0
46 0 0
47 0 0
48 0 0
49 2 0
50 7 -1
51 3 1
52 11 1
53 5 -1
54 2 0
55 7 -1
56 6 -4
57 13 -3
58 11 1
59 7 1
60 4 0
61 11 1
62 5 -1
63 12 0
64 10 -2
65 6 4
66 15 1
67 6 0
68 3 3
69 15 -3
70 4 0
71 12 -2
72 13 -1
73 20 -2
74 25 3
75 46 -6
76 10 0
77 11 -1
78 11 1
79 12 4
80 11 -3
81 13 1
82 36 -6
83 35 -3
84 62 -18
85 29 -15
86 27 -17
87 23 1
88 12 -2
89 66 -12
90 56 -12
91 74 -4
92 48 10
93 34 -4
94 34 6
95 31 -3
96 19 9
97 21 5
98 28 -2
99 20 -4
100 47 -1
101 44 0
102 71 -7
103 39 1
104 19 -1
105 18 0
106 12 0
107 23 -1
108 25 -5
109 26 -2
110 42 -14
111 30 -4
112 15 1
113 8 0
114 5 -1
115 11 -1
116 3 -1
117 2 0
118 11 -1
119 18 -2
120 12 0
121 5 -1
122 14 2
123 0 0
124 22 2
125 0 0
126 0 0
127 29 -1
128 20 0
129 33 -1
130 44 0
131 43 -1
132 45 -7
133 66 2
134 59 -1
135 40 0
136 51 11
137 49 3
138 61 3
139 87 -1
140 74 0
141 89 5
142 42 0
143 55 1
144 64 4
145 78 8
146 32 0
147 36 0
148 46 0
149 58 0
150 64 6
151 73 -1
152 80 0
153 53 1
154 42 4
155 45 -3
156 56 0
157 53 -1
158 52 0
159 38 0
160 44 2
161 41 -5
162 45 3
163 41 -5
164 34 2
165 48 0
166 54 0
167 42 0
168 39 5
169 61 -5
170 53 3
171 36 -4
172 33 1
173 60 -2
174 53 1
175 58 0
176 32 0
177 44 2
178 66 -2
179 36 -2
180 37 -1
181 34 2
182 16 -2
183 28 4
184 39 -1
185 43 -1
186 28 0
187 24 -2
188 22 0
189 36 0
190 21 -1
191 27 1
192 28 -2
193 23 -1
194 25 -1
