1 1 1
2 15 -3
3 2 0
4 0 0
5 3 1
6 2 0
7 5 -1
8 1 1
9 4 2
10 3 1
11 28 0
12 0 0
13 0 0
14 2 0
15 6 4
16 2 0
17 0 0
18 7 -1
19 0 0
20 4 0
21 1 -1
22 9 -1
23 2 0
24 1 1
25 2 0
26 0 0
27 0 0
28 8 0
29 8 2
30 0 0
31 1 1
32 4 2
33 0 0
34 11 -1
35 1 -1
36 0 0
37 0 0
38 9 3
39 0 0
40 3 -1
41 0 0
42 0 0
43 0 0
44 0 0
45 8 0
46 0 0
47 2 2
48 4 -2
49 0 0
50 9 -1
51 8 -2
52 31 -7
53 22 -2
54 38 -4
55 36 -6
56 35 -3
57 11 3
58 13 -3
59 0 0
60 17 -1
61 10 -2
62 13 -1
63 4 0
64 20 4
65 4 -2
66 10 -2
67 5 1
68 1 1
69 3 -1
70 1 -1
71 16 -2
72 10 -2
73 9 1
74 13 -5
75 20 -8
76 33 -5
77 10 -4
78 8 4
79 0 0
80 16 -6
81 21 -5
82 16 -4
83 32 -12
84 30 -16
85 90 -42
86 9 1
87 12 0
88 17 -7
89 82 -14
90 96 -18
91 34 0
92 22 0
93 9 1
94 13 -1
95 10 4
96 10 0
97 1 -1
98 11 -1
99 41 -9
100 25 3
101 30 -2
102 11 -1
103 3 -1
104 3 -1
105 20 -4
106 22 0
107 30 0
108 74 0
109 19 -1
110 26 0
111 14 0
112 4 0
113 6 0
114 2 0
115 0 0
116 2 0
117 2 0
118 6 0
119 4 0
120 4 2
121 2 0
122 2 0
123 2 0
124 0 0
125 0 0
126 1 1
127 1 -1
128 4 0
129 2 0
130 2 0
131 4 0
132 8 0
133 15 1
134 1 -1
135 9 1
136 30 0
137 29 1
138 24 0
139 2 -2
140 24 0
141 16 2
142 6 -2
143 11 1
144 8 0
145 3 -1
146 7 1
147 15 1
148 53 1
149 33 -1
150 9 -1
151 37 1
152 9 -1
153 41 1
154 14 0
155 7 1
156 13 -1
157 20 -2
158 14 2
159 21 -1
160 33 1
161 16 0
162 6 0
163 1 1
164 4 4
165 4 4
166 1 1
167 5 5
168 2 0
169 9 1
170 14 0
171 3 -1
172 4 0
173 8 0
174 13 1
175 1 -1
176 8 0
177 4 0
178 8 0
179 5 1
180 9 -1
181 8 0
182 4 0
183 3 -1
184 4 0
185 6 0
186 2 -2
187 3 1
188 3 -1
189 2 0
190 1 1
191 11 3
192 4 0
193 18 2
194 7 1
195 5 1
196 10 0
197 21 1
198 0 0
199 3 -1
200 4 0
201 2 0
202 4 0
203 4 0
204 4 0
205 3 -1
206 5 -1
207 2 0
208 7 1
209 5 -1
210 6 0
211 6 0
212 3 1
213 3 -1
214 10 0
215 6 0
216 114 0
217 42 0
218 8 0
219 4 0
220 53 3
221 38 -2
222 35 1
223 325 3
224 177 1
225 35 -5
226 205 3
227 108 6
228 23 -5
229 9 -1
230 134 -2
231 110 0
232 402 6
233 108 -4
234 65 -1
235 148 2
236 278 0
237 37 -7
238 43 -1
239 68 0
240 151 1
241 22 0
242 213 -1
