1 14 2
2 10 2
3 29 -1
4 7 -1
5 8 -2
6 9 -1
7 10 2
8 8 2
9 11 1
10 17 1
11 6 0
12 18 2
13 9 -1
14 6 0
15 14 0
16 8 4
17 4 2
18 5 1
19 2 0
20 6 0
21 27 -7
22 21 -1
23 5 3
24 7 1
25 8 0
26 4 0
27 10 0
28 14 -2
29 2 0
30 9 -1
31 0 0
32 0 0
33 0 0
34 0 0
35 0 0
36 0 0
37 6 0
38 3 1
39 6 2
40 10 -2
41 6 0
42 4 0
43 2 0
44 7 -1
45 0 0
46 0 0
47 10 2
48 4 0
49 0 0
50 9 -1
51 20 -6
52 18 -12
53 38 -14
54 14 -10
55 85 -25
56 76 -14
57 67 -17
58 52 2
59 12 0
60 15 1
61 29 -5
62 24 0
63 46 -2
64 41 -1
65 29 -1
66 9 -1
67 25 5
68 32 2
69 23 1
70 32 -4
71 50 -16
72 65 -1
73 73 -11
74 82 0
75 131 -13
76 168 -34
77 72 -16
78 61 -13
79 17 5
80 32 -2
81 28 -2
82 69 -21
83 75 -19
84 202 -50
85 115 -45
86 125 -33
87 42 -12
88 68 -16
89 116 -28
90 162 -28
91 200 -30
92 66 -10
93 58 -8
94 58 -2
95 57 -13
96 2 2
97 6 0
98 48 0
99 50 -6
100 90 -18
101 67 -1
102 135 -17
103 26 0
104 24 -4
105 14 -4
106 27 -9
107 60 -10
108 112 -16
109 65 -5
110 54 -8
111 120 -8
112 53 1
113 7 -1
114 4 -2
115 14 -2
116 7 -1
117 1 -1
118 1 -1
119 5 -1
120 8 -4
121 11 -3
122 8 0
123 17 -3
124 6 0
125 5 -1
126 1 1
127 5 -1
128 4 0
129 0 0
130 5 -1
131 3 1
132 6 0
133 14 4
134 11 1
135 11 -3
136 9 1
137 16 2
138 27 1
139 31 -1
140 29 1
141 58 6
142 34 -2
143 15 -3
144 15 -1
145 34 2
146 7 -3
147 16 8
148 26 -2
149 23 3
150 35 -1
151 31 3
152 42 4
153 38 -8
154 51 1
155 47 1
156 55 9
157 47 -7
158 53 -1
159 47 7
160 60 2
161 84 -2
162 44 2
163 32 -8
164 7 -3
165 15 -1
166 32 6
167 58 0
168 27 -1
169 15 -3
170 22 0
171 20 2
172 14 0
173 8 0
174 8 0
175 16 0
176 11 1
177 12 0
178 13 -1
179 11 1
180 17 -1
181 8 0
182 4 0
183 7 -1
184 4 0
185 29 3
186 22 0
187 9 -1
188 11 1
189 15 1
190 7 -3
191 0 0
192 6 0
193 11 -1
194 7 1
195 10 0
196 7 1
197 16 0
198 10 0
199 15 1
200 6 0
201 6 0
202 5 -1
203 10 0
204 16 0
205 5 1
206 2 0
207 0 0
208 2 0
209 4 0
210 2 2
211 1 1
212 12 0
213 1 1
214 5 1
215 13 1
216 15 -1
217 11 1
218 25 -1
219 19 -1
220 33 1
221 125 5
222 80 -6
223 98 0
224 88 8
225 77 -5
226 39 -1
227 65 5
228 152 10
229 58 -16
230 9 -1
231 21 1
232 97 9
233 232 0
234 110 4
235 67 -11
236 62 6
237 264 18
238 98 -20
239 22 -6
240 20 2
241 39 1
242 21 -5
243 98 4
244 302 34
245 286 -8
246 242 -12
247 305 -7
248 44 -10
249 377 15
250 269 3
251 174 -12
252 183 7
253 349 7
254 134 -8
255 198 8
256 236 -2
257 216 4
258 158 4
259 35 -9
260 28 12
261 29 -1
262 50 6
263 156 6
264 253 3
265 26 -4
266 127 5
267 7 -1
268 41 9
269 276 6
270 158 8
271 187 3
272 409 9
273 63 -11
274 221 15
275 257 -3
276 156 0
277 136 10
278 422 16
279 50 -6
280 493 25
281 287 1
282 325 -3
283 258 2
284 117 -5
285 104 8
286 136 4
287 156 -6
288 56 -6
