1 6 -2
2 15 3
3 22 2
4 12 0
5 9 -1
6 40 -2
7 16 -4
8 12 0
9 4 0
10 1 1
11 10 -2
12 12 0
13 11 -3
14 13 1
15 11 1
16 21 1
17 18 -4
18 9 3
19 6 2
20 3 -1
21 6 2
22 5 1
23 7 -1
24 8 2
25 3 1
26 1 1
27 5 -1
28 16 -6
29 20 -2
30 13 -3
31 8 4
32 5 1
33 17 -1
34 7 -1
35 9 1
36 3 -1
37 23 3
38 7 -3
39 9 1
40 14 -2
41 8 0
42 44 2
43 19 3
44 4 0
45 56 -12
46 31 -11
47 24 -6
48 28 -10
49 42 -4
50 67 -9
51 17 1
52 15 -1
53 41 1
54 19 7
55 8 0
56 26 -2
57 30 -6
58 51 -5
59 64 -12
60 47 -1
61 41 1
62 45 -1
63 26 -2
64 69 -3
65 42 -8
66 115 -15
67 138 -26
68 67 -9
69 32 2
70 72 -2
71 50 0
72 77 -11
73 100 -16
74 50 -6
75 8 2
76 60 -14
77 159 -29
78 26 -4
79 104 -14
80 265 -41
81 227 -57
82 221 -23
83 241 -41
84 78 -22
85 27 -3
86 36 -4
87 98 -6
88 179 -17
89 163 -53
90 125 -27
91 79 3
92 39 -5
93 96 2
94 179 -27
95 114 0
96 155 -9
97 105 -11
98 50 0
99 15 1
100 18 4
101 15 1
102 0 0
103 2 0
104 9 1
105 16 -2
106 5 -1
107 9 -1
108 14 -2
109 24 -4
110 24 -2
111 28 -8
112 45 -1
113 25 -3
114 9 -1
115 22 0
116 6 -2
117 0 0
118 30 6
119 25 -3
120 0 0
121 19 -3
122 0 0
123 1 1
124 6 0
125 5 -1
126 13 1
127 16 0
128 36 2
129 17 -5
130 26 2
131 26 0
132 43 1
133 26 -4
134 28 2
135 27 1
136 20 -2
137 4 2
138 7 1
139 57 5
140 16 -8
141 9 1
142 44 8
143 27 -7
144 74 8
145 28 -2
146 30 0
147 15 -7
148 60 6
149 47 -7
150 95 9
151 35 5
152 98 6
153 73 -7
154 52 2
155 0 0
156 0 0
157 0 0
158 0 0
159 0 0
160 0 0
161 0 0
162 0 0
163 0 0
164 0 0
165 0 0
166 0 0
167 0 0
168 0 0
169 0 0
170 0 0
171 0 0
172 0 0
173 0 0
174 0 0
175 17 3
176 6 -2
177 4 0
178 2 2
179 3 -1
180 5 1
181 8 2
182 2 2
183 0 0
184 3 1
185 2 0
186 0 0
187 3 -1
188 2 0
189 2 0
190 0 0
191 0 0
192 5 -1
193 0 0
194 9 -1
195 2 0
196 1 1
197 1 -1
198 2 -2
199 20 -6
200 11 -1
201 8 0
202 29 -1
203 14 0
204 3 -1
205 62 2
206 35 3
207 29 1
208 38 2
209 34 -4
210 22 0
211 20 0
212 6 -2
213 0 0
214 30 0
215 19 1
216 86 8
217 73 1
218 69 3
219 35 3
220 43 5
221 69 1
222 25 -7
223 61 3
224 153 21
225 212 6
226 155 9
227 117 -1
228 60 -4
229 234 12
230 219 5
231 168 -4
232 417 21
233 324 10
234 283 -11
235 256 -2
236 290 6
237 158 -12
238 333 1
239 183 7
240 342 12
241 95 -9
242 511 39
243 557 -23
244 284 -12
245 200 4
246 381 29
247 95 -13
248 258 20
249 50 -12
250 438 32
251 112 -8
252 334 14
253 94 -4
254 11 3
255 243 5
256 494 38
257 116 -16
258 113 1
259 12 0
260 70 6
261 4 2
262 43 7
263 152 10
264 119 1
265 674 24
266 283 5
267 458 0
268 394 4
269 156 -2
270 598 32
271 425 -9
272 213 11
273 76 4
274 1 1
275 135 17
276 106 -2
277 104 16
278 309 -3
279 174 4
280 303 19
281 371 -9
282 161 -3
283 197 3
284 107 -1
285 23 1
286 385 17
287 305 21
288 344 20
289 283 21
290 97 -15
291 187 3
292 103 13
293 316 8
294 476 -4
295 572 24
296 419 -1
297 390 12
298 307 11
299 335 37
300 201 -7
301 171 5
302 418 20
303 78 8
304 146 18
305 46 -4
306 62 10
307 178 -2
308 290 30
309 215 -35
310 140 2
311 97 23
312 93 19
313 112 14
314 101 -3
315 221 11
316 253 7
317 309 -11
318 169 -3
319 189 15
320 140 14
321 288 -4
322 225 3
323 195 21
324 250 -2
325 205 9
326 214 -18
327 250 34
328 391 47
329 301 5
330 229 -11
331 219 5
332 237 -17
333 149 15
334 238 84
335 237 1
336 186 4
337 187 43
338 154 -16
339 188 10
340 211 27
341 195 -23
342 121 -7
343 138 6
344 91 15
345 68 18
346 87 11
347 118 -6
348 86 0
349 59 -9
350 78 -10
351 63 -7
352 87 -13
353 59 19
354 50 4
355 57 -5
356 62 -2
357 46 18
358 36 2
359 27 3
360 19 9
361 14 0
362 31 5
363 7 1
364 15 1
365 11 -1
366 24 2
