1 11 -1
2 25 3
3 5 -1
4 13 1
5 8 0
6 15 1
7 15 1
8 18 2
9 18 0
10 5 1
11 3 1
12 2 0
13 2 0
14 2 2
15 0 0
16 0 0
17 13 1
18 9 5
19 0 0
20 7 -1
21 13 -3
22 1 1
23 10 6
24 2 0
25 43 -1
26 33 -7
27 32 -2
28 26 2
29 14 2
30 0 0
31 11 -3
32 11 1
33 27 -1
34 17 -3
35 9 3
36 15 7
37 13 1
38 11 -1
39 2 0
40 10 -2
41 9 1
42 7 3
43 2 0
44 8 0
45 8 0
46 17 -1
47 8 0
48 7 -1
49 4 -2
50 9 -1
51 27 3
52 11 -1
53 1 -1
54 7 3
55 12 0
56 3 1
57 32 -2
58 6 -2
59 3 -1
60 10 4
61 1 1
62 11 -1
63 7 3
64 3 1
65 40 -6
66 7 -1
67 1 -1
68 31 -9
69 37 -9
70 23 -3
71 61 -27
72 84 -20
73 28 -10
74 14 -4
75 33 15
76 1 1
77 2 2
78 56 4
79 67 3
80 226 -18
81 6 -4
82 28 -6
83 36 -12
84 90 -18
85 100 -28
86 54 -16
87 81 -23
88 41 -1
89 39 -3
90 60 0
91 9 -1
92 28 2
93 223 -37
94 147 -31
95 133 -39
96 53 -3
97 79 -11
98 214 -38
99 349 -33
100 178 -18
101 102 -4
102 23 -7
103 39 -17
104 78 -18
105 75 -1
106 46 -18
107 66 -4
108 117 -1
109 100 -4
110 81 -1
111 53 -11
112 31 -3
113 36 2
114 51 -7
115 0 0
116 1 -1
117 2 0
118 6 2
119 58 4
120 30 -4
121 49 -3
122 19 -3
123 13 1
124 48 6
125 51 -1
126 61 -1
127 71 -3
128 69 -1
129 96 8
130 139 5
131 124 -10
132 109 13
133 75 -7
134 104 4
135 136 8
136 86 -6
137 129 7
138 85 -7
139 140 8
140 128 2
141 112 6
142 110 0
143 122 -8
144 79 7
145 88 4
146 137 9
147 66 -12
148 112 4
149 133 1
150 140 -6
151 93 -3
152 106 0
153 108 0
154 126 0
155 58 -8
156 52 2
157 62 0
158 48 6
159 39 -3
160 36 -2
161 72 0
162 35 -5
163 24 2
164 14 2
165 16 -2
166 14 2
167 19 1
168 9 -1
169 21 1
170 16 2
171 14 4
172 47 9
173 7 1
174 5 1
175 17 1
176 23 -1
177 15 3
178 22 2
179 34 2
180 31 1
181 27 5
182 18 0
183 18 -2
184 14 2
185 7 -1
186 21 -1
187 10 0
188 1 -1
189 10 0
190 10 0
191 19 3
192 11 -1
193 16 -2
194 23 -1
195 6 -2
196 23 1
197 21 1
198 17 -1
199 7 -1
200 27 1
201 29 -1
202 34 0
203 28 4
204 26 0
205 77 1
206 40 4
207 61 1
208 96 -4
209 48 0
210 18 2
211 76 -2
212 78 2
213 62 -8
214 146 2
215 217 9
216 159 9
217 151 1
218 151 9
219 179 7
220 121 7
221 164 6
222 38 -10
223 211 23
224 115 -23
225 120 14
226 475 37
227 233 -25
228 246 18
229 252 -2
230 328 20
231 277 15
232 323 7
233 202 6
234 170 6
235 212 -4
236 207 1
237 166 12
238 96 4
239 173 11
240 68 -16
241 224 26
242 195 -13
243 78 -8
244 232 12
245 280 12
246 113 -39
247 111 -19
248 469 15
249 572 -6
250 69 -33
251 328 22
252 625 19
253 513 11
254 55 5
255 22 0
256 50 6
257 548 34
258 555 9
259 332 4
260 541 23
261 592 16
262 725 17
263 432 38
264 550 6
265 211 -7
266 178 -2
267 177 -3
268 40 -2
269 112 4
270 60 4
271 53 5
272 226 4
273 328 4
274 391 23
275 210 -2
276 49 -3
277 225 7
278 239 -57
279 715 31
280 804 -32
281 615 -19
282 494 10
283 637 7
284 459 -27
285 557 -3
286 744 12
287 878 -14
288 613 -15
289 580 22
290 655 39
291 591 -9
292 156 12
293 255 21
294 113 -21
295 128 4
296 42 10
297 10 4
298 63 7
299 44 2
300 45 -1
301 110 2
302 30 -18
303 56 -10
304 113 1
305 504 22
306 553 -41
307 324 8
308 264 18
309 62 -8
310 195 -63
311 405 -23
312 181 5
313 254 -66
314 223 -47
315 197 -9
316 202 -94
317 63 21
318 52 10
319 253 19
320 286 -10
321 298 24
322 179 17
323 59 -9
324 195 17
325 197 17
326 217 55
327 263 31
328 265 -25
329 182 -24
330 140 -2
331 116 20
332 144 2
333 196 62
334 65 1
335 239 -17
336 198 -52
337 49 7
338 90 14
339 178 32
340 169 19
341 99 -27
342 56 -2
343 110 22
344 95 9
345 76 20
346 48 -4
347 17 1
348 59 3
349 61 1
350 45 1
351 20 4
352 18 2
353 71 1
354 21 -3
355 33 1
356 29 -9
357 34 2
358 9 -3
359 15 1
360 17 1
361 17 -1
362 11 -3
363 18 0
364 15 -7
365 36 -2
