1 7 -3
2 8 0
3 4 0
4 2 0
5 2 2
6 6 0
7 1 1
8 4 4
9 17 -1
10 1 1
11 2 2
12 2 0
13 9 1
14 10 0
15 3 -1
16 31 3
17 6 0
18 0 0
19 3 1
20 4 0
21 2 0
22 2 2
23 0 0
24 1 1
25 0 0
26 1 1
27 6 2
28 3 1
29 2 0
30 1 -1
31 7 -3
32 2 0
33 6 -2
34 8 4
35 2 0
36 0 0
37 8 0
38 23 -3
39 34 -10
40 9 1
41 15 1
42 4 -2
43 10 -4
44 16 -2
45 1 -1
46 16 0
47 16 -2
48 27 1
49 4 0
50 6 -2
51 13 -3
52 10 -2
53 16 -6
54 17 -3
55 16 -2
56 3 1
57 14 -2
58 18 -2
59 67 3
60 12 2
61 96 -14
62 16 -4
63 30 -6
64 16 -2
65 20 -8
66 37 -9
67 14 -4
68 27 -5
69 33 -13
70 21 -3
71 24 0
72 33 -7
73 21 3
74 13 -5
75 119 -41
76 67 -13
77 117 -21
78 56 -18
79 28 -10
80 90 -32
81 27 -13
82 16 -4
83 85 -13
84 115 -23
85 127 -37
86 211 -37
87 135 -31
88 175 -41
89 127 -37
90 92 -4
91 75 -7
92 342 -16
93 75 -17
94 41 -9
95 93 -5
96 144 -14
97 91 -17
98 46 -4
99 62 -4
100 106 -10
101 77 -1
102 48 -2
103 39 -11
104 47 -1
105 50 -8
106 44 8
107 20 0
108 50 -8
109 9 -3
110 8 0
111 3 -1
112 1 -1
113 1 -1
114 0 0
115 3 -1
116 0 0
117 0 0
118 0 0
119 0 0
120 14 2
121 13 -3
122 6 -2
123 12 0
124 18 2
125 14 -4
126 11 1
127 14 0
128 27 3
129 66 2
130 53 -7
131 93 9
132 105 9
133 50 -10
134 70 4
135 109 9
136 56 -8
137 10 -4
138 98 4
139 52 10
140 64 6
141 110 0
142 96 2
143 102 -2
144 76 -10
145 37 1
146 43 -1
147 106 2
148 140 12
149 127 -3
150 71 -9
151 54 2
152 30 -6
153 41 3
154 146 6
155 81 -1
156 66 4
157 55 -5
158 45 -7
159 40 0
160 68 2
161 41 -7
162 33 1
163 24 4
164 31 -3
165 3 -3
166 12 0
167 19 5
168 10 -2
169 16 2
170 17 -1
171 22 2
172 25 15
173 246 -6
174 15 3
175 17 -1
176 12 -2
177 13 -3
178 100 -14
179 111 21
180 69 -5
181 16 2
182 18 -2
183 54 -12
184 8 2
185 6 0
186 14 -2
187 37 3
188 0 0
189 68 6
190 18 -2
191 3 -1
192 19 -1
193 8 2
194 8 0
195 18 0
196 16 0
197 11 -1
198 10 0
199 6 0
200 20 -2
201 21 3
202 22 0
203 18 0
204 27 -1
205 50 0
206 66 0
207 73 3
208 65 -5
209 66 0
210 42 -2
211 41 3
212 36 4
213 42 -4
214 35 -1
215 66 2
216 97 -1
217 51 -7
218 124 -2
219 97 3
220 107 -7
221 165 23
222 117 -15
223 100 4
224 47 -7
225 39 3
226 142 12
227 116 -12
228 215 17
229 305 5
230 231 5
231 136 -8
232 181 -3
233 260 -10
234 122 10
235 336 10
236 159 -11
237 214 10
238 285 3
239 114 -4
240 174 8
241 286 -2
242 56 -12
243 242 24
244 340 12
245 285 -5
246 251 7
247 215 9
248 179 1
249 71 -7
250 211 33
251 424 0
252 343 -3
253 339 1
254 427 9
255 273 1
256 440 18
257 480 4
258 442 24
259 410 20
260 674 18
261 299 9
262 59 -1
263 417 -3
264 285 7
265 382 10
266 471 -1
267 599 5
268 271 -1
269 466 36
270 706 26
271 883 9
272 532 -30
273 146 2
274 61 3
275 501 47
276 284 -40
277 513 35
278 168 -24
279 72 -8
280 51 1
281 73 1
282 161 7
283 147 3
284 625 35
285 421 -21
286 235 -5
287 367 -1
288 320 22
289 160 4
290 53 7
291 105 9
292 181 -7
293 273 17
294 145 11
295 238 -4
296 158 -8
297 444 -10
298 398 -12
299 469 23
300 508 16
301 472 -10
302 122 -70
303 99 33
304 409 25
305 580 6
306 68 -18
307 103 7
308 87 11
309 101 29
310 207 19
311 120 4
312 86 2
313 218 24
314 275 9
315 257 19
316 346 2
317 256 10
318 311 9
319 311 -5
320 245 -31
321 147 -19
322 126 -4
323 263 7
324 242 -10
325 232 4
326 151 13
327 237 -1
328 197 9
329 240 16
330 230 28
331 251 41
332 215 -7
333 202 80
334 177 25
335 211 -25
336 185 -45
337 125 13
338 178 22
339 146 2
340 140 -44
341 119 5
342 75 29
343 84 -10
344 130 4
345 51 1
346 74 -8
347 77 31
348 26 10
349 58 -2
350 31 5
351 35 3
352 27 3
353 24 -4
354 26 -4
355 35 1
356 34 6
357 38 0
358 23 -3
359 26 2
360 13 1
361 18 0
362 32 16
363 3 1
364 18 -8
365 6 4
366 2 0
367 11 -1
