1 2 0
2 13 1
3 10 0
4 21 1
5 3 1
6 7 1
7 25 1
8 35 1
9 47 -1
10 18 -4
11 13 1
12 15 1
13 28 0
14 27 -5
15 43 -7
16 30 -2
17 34 -2
18 12 0
19 27 5
20 36 -6
21 14 2
22 35 -9
23 27 5
24 19 -3
25 22 -4
26 56 -4
27 32 10
28 33 -9
29 13 5
30 16 4
31 65 -9
32 28 -4
33 32 -4
34 10 -2
35 36 -4
36 3 3
37 12 4
38 29 -3
39 56 -8
40 21 -3
41 18 4
42 2 2
43 4 2
44 2 0
45 22 -2
46 35 -5
47 50 -8
48 92 -14
49 14 0
50 78 -14
51 25 -5
52 29 -1
53 50 -6
54 36 -6
55 25 1
56 28 -2
57 47 -5
58 46 -8
59 67 -1
60 44 -2
61 123 -11
62 79 -19
63 63 -17
64 58 -6
65 89 -5
66 61 -17
67 52 -4
68 71 -9
69 65 -13
70 53 -15
71 37 -7
72 100 -20
73 93 -5
74 36 8
75 64 0
76 199 -33
77 139 -33
78 192 -38
79 170 -44
80 114 -10
81 91 1
82 60 10
83 23 -3
84 45 -3
85 64 -4
86 45 -7
87 89 -29
88 145 -13
89 103 -25
90 48 16
91 58 0
92 17 -1
93 104 -6
94 23 -9
95 57 -17
96 176 -18
97 76 -10
98 93 -33
99 67 -7
100 35 -7
101 62 -10
102 88 -6
103 51 -1
104 25 -1
105 9 5
106 11 -3
107 4 -2
108 27 -3
109 18 0
110 7 -1
111 10 0
112 2 0
113 5 -1
114 33 3
115 12 -2
116 1 1
117 10 0
118 8 0
119 16 4
120 16 -2
121 7 1
122 27 3
123 24 -4
124 14 0
125 19 -1
126 6 0
127 9 -1
128 1 -1
129 7 3
130 39 3
131 43 -5
132 14 -4
133 11 1
134 3 -1
135 8 0
136 24 4
137 55 -3
138 24 8
139 40 -6
140 12 2
141 33 7
142 50 -2
143 33 1
144 45 -3
145 31 7
146 11 -7
147 44 22
148 59 3
149 76 -20
150 32 2
151 22 -2
152 15 1
153 14 -2
154 57 15
155 39 -15
156 33 1
157 9 -5
158 3 -1
159 9 7
160 19 -1
161 22 4
162 21 -3
163 14 -2
164 1 1
165 4 -2
166 3 1
167 6 0
168 18 2
169 8 0
170 14 0
171 1 -1
172 3 1
173 2 0
174 2 0
175 6 4
176 31 3
177 4 2
178 4 -4
179 18 -2
180 5 -1
181 0 0
182 7 1
183 7 -1
184 2 0
185 2 0
186 5 1
187 4 0
188 2 0
189 6 0
190 5 -1
191 9 1
192 0 0
193 6 0
194 0 0
195 3 -1
196 1 -1
197 2 0
198 10 0
199 18 4
200 2 0
201 2 0
202 0 0
203 4 0
204 3 -1
205 25 -3
206 17 -1
207 34 0
208 23 1
209 30 -4
210 9 3
211 34 2
212 15 -1
213 47 -1
214 43 -1
215 71 5
216 53 5
217 39 -1
218 33 7
219 93 1
220 171 1
221 205 -5
222 361 15
223 171 11
224 114 -8
225 95 -13
226 67 -5
227 113 -9
228 127 5
229 94 8
230 170 8
231 137 -7
232 126 -4
233 296 10
234 266 10
235 310 -12
236 247 1
237 174 -10
238 134 -4
239 345 -5
240 82 -14
241 226 30
242 341 9
243 304 6
244 363 -15
245 315 -1
246 109 3
247 29 -5
248 57 5
249 209 29
250 202 -12
251 347 -11
252 209 -1
253 137 5
254 42 -4
255 319 23
256 518 -2
257 314 -28
258 517 33
259 792 -38
260 911 -19
261 151 -27
262 466 2
263 593 -1
264 607 9
265 515 17
266 478 10
267 1063 9
268 1055 -23
269 619 -1
270 347 13
271 123 -19
272 28 4
273 846 38
274 823 -29
275 364 0
276 224 -2
277 50 0
278 230 16
279 393 17
280 206 10
281 274 -10
282 186 -14
283 73 -3
284 742 48
285 530 -38
286 363 -3
287 863 9
288 268 -34
289 66 -8
290 344 12
291 644 12
292 889 -47
293 452 -32
294 863 -7
295 338 -64
296 133 3
297 250 26
298 908 30
299 584 -4
300 663 -13
301 415 -49
302 390 -14
303 245 -9
304 245 -7
305 64 -12
306 57 3
307 75 -1
308 28 0
309 502 16
310 322 -38
311 70 0
312 224 2
313 479 5
314 448 -22
315 549 -35
316 426 -24
317 350 -2
318 424 -60
319 360 -46
320 251 -15
321 250 -8
322 399 -33
323 236 -46
324 243 -3
325 273 23
326 392 -52
327 259 -17
328 296 -10
329 305 -27
330 449 -9
331 582 40
332 375 -55
333 212 16
334 232 -40
335 199 37
336 220 16
337 325 -37
338 334 88
339 371 5
340 277 -87
341 301 -29
342 200 -22
343 280 -8
344 240 46
345 284 26
346 235 9
347 250 -30
348 271 -79
349 139 45
350 238 -66
351 147 -15
352 88 12
353 151 -23
354 128 10
355 123 41
356 74 10
357 110 -8
358 151 -19
359 53 21
360 72 8
361 35 -1
362 75 -7
363 8 2
364 37 -1
365 72 -4
366 26 -4
367 31 -1
