1 3 -1
2 20 0
3 7 -1
4 2 0
5 0 0
6 2 2
7 2 0
8 6 0
9 4 2
10 0 0
11 16 -2
12 12 2
13 13 3
14 3 1
15 5 -1
16 12 -2
17 2 0
18 4 0
19 5 1
20 0 0
21 7 -1
22 11 1
23 1 -1
24 11 -3
25 3 -1
26 2 0
27 19 -5
28 18 0
29 3 1
30 3 -1
31 81 -9
32 2 0
33 0 0
34 7 -1
35 10 -2
36 0 0
37 11 1
38 18 -2
39 2 0
40 8 0
41 19 -3
42 24 0
43 0 0
44 13 1
45 11 -1
46 12 2
47 8 -4
48 24 -2
49 14 -8
50 15 -3
51 52 -16
52 44 -2
53 11 1
54 15 3
55 29 -3
56 18 2
57 24 -4
58 57 -9
59 120 -22
60 50 -4
61 39 1
62 17 -3
63 79 -11
64 192 -24
65 120 -6
66 56 18
67 40 2
68 91 -29
69 58 -12
70 67 -3
71 98 4
72 48 2
73 37 -5
74 111 -17
75 100 -18
76 303 -35
77 125 -11
78 48 0
79 55 -1
80 107 -17
81 369 -33
82 299 -41
83 269 -41
84 180 -12
85 141 -5
86 209 -27
87 278 -18
88 226 -16
89 160 -6
90 274 -12
91 387 -33
92 233 -31
93 101 -11
94 86 -8
95 64 0
96 25 -1
97 12 0
98 66 -4
99 29 -3
100 91 -1
101 16 -4
102 18 -6
103 1 -1
104 1 -1
105 11 -5
106 0 0
107 38 -4
108 24 0
109 2 2
110 10 2
111 8 -4
112 10 0
113 7 1
114 8 2
115 10 -2
116 6 0
117 8 0
118 10 2
119 22 -12
120 13 -1
121 3 -1
122 8 4
123 0 0
124 2 0
125 0 0
126 0 0
127 12 -2
128 6 0
129 0 0
130 0 0
131 0 0
132 0 0
133 0 0
134 0 0
135 8 0
136 19 7
137 33 3
138 54 -2
139 43 -3
140 53 7
141 59 -1
142 54 2
143 89 -1
144 28 -6
145 39 7
146 80 4
147 110 12
148 100 -4
149 94 -4
150 94 6
151 64 -8
152 30 -2
153 85 15
154 114 4
155 74 -2
156 74 4
157 139 9
158 43 -9
159 10 0
160 74 30
161 33 1
162 73 5
163 31 -1
164 101 -1
165 27 1
166 53 3
167 11 -5
168 3 1
169 25 5
170 22 -2
171 26 -6
172 12 0
173 14 0
174 4 2
175 10 -2
176 12 0
177 9 1
178 19 1
179 12 0
180 7 1
181 7 1
182 9 -1
183 3 1
184 2 0
185 0 0
186 9 1
187 12 0
188 4 0
189 6 0
190 14 0
191 20 -2
192 12 -2
193 6 0
194 3 1
195 18 0
196 18 0
197 14 0
198 2 0
199 14 0
200 10 0
201 4 0
202 11 1
203 13 -1
204 13 -3
205 24 0
206 14 2
207 44 -14
208 16 0
209 10 0
210 18 0
211 11 1
212 20 0
213 17 1
214 54 0
215 34 4
216 57 5
217 31 1
218 43 -3
219 94 10
220 68 -2
221 48 -4
222 221 17
223 170 -2
224 76 -4
225 26 -6
226 166 24
227 98 -4
228 90 0
229 201 13
230 49 -17
231 76 0
232 171 13
233 147 -9
234 113 11
235 206 8
236 400 8
237 238 -16
238 235 7
239 213 3
240 436 20
241 333 -17
242 341 9
243 134 -16
244 212 12
245 350 34
246 292 -16
247 231 13
248 77 1
249 260 12
250 34 -14
251 40 4
252 23 -1
253 221 17
254 348 -2
255 155 3
256 201 11
257 39 -3
258 24 2
259 296 10
260 602 18
261 300 -4
262 460 0
263 496 18
264 601 3
265 558 12
266 673 23
267 37 -11
268 570 34
269 717 23
270 710 10
271 705 23
272 691 7
273 607 11
274 532 -14
275 588 10
276 173 5
277 61 9
278 15 1
279 24 0
280 290 10
281 21 -5
282 61 3
283 51 11
284 19 3
285 115 1
286 9 7
287 314 -12
288 319 21
289 620 -4
290 145 1
291 323 19
292 322 22
293 407 15
294 178 2
295 418 36
296 227 17
297 521 17
298 167 -23
299 96 8
300 201 19
301 312 -2
302 92 -2
303 60 4
304 283 11
305 192 -10
306 88 -12
307 148 6
308 190 2
309 152 0
310 21 -1
311 147 17
312 212 0
313 291 -13
314 190 -24
315 74 0
316 141 7
317 226 6
318 209 13
319 185 -13
320 163 3
321 229 9
322 260 -18
323 254 12
324 109 25
325 248 -40
326 216 40
327 208 -34
328 209 -3
329 260 -6
330 264 34
331 202 12
332 240 18
333 205 1
334 200 18
335 232 10
336 176 -2
337 111 31
338 135 -19
339 76 -8
340 119 -1
341 102 -16
342 107 19
343 96 18
344 94 -2
345 64 32
346 116 -2
347 107 -7
348 76 14
349 73 -15
350 91 -3
351 79 17
352 34 4
353 28 0
354 115 -15
355 62 8
356 73 -5
357 71 13
358 34 2
359 77 -3
360 45 1
361 45 19
362 40 4
363 21 1
364 5 3
365 6 0
366 39 -1
