1 17 1
2 15 -1
3 23 -3
4 8 -2
5 4 2
6 11 -1
7 10 -2
8 1 1
9 16 4
10 11 1
11 27 1
12 0 0
13 8 0
14 2 0
15 0 0
16 4 0
17 7 1
18 8 2
19 5 3
20 7 1
21 4 2
22 4 0
23 12 0
24 22 -2
25 3 -1
26 2 2
27 2 0
28 4 0
29 8 0
30 10 2
31 2 0
32 3 1
33 1 1
34 14 0
35 3 -1
36 3 -1
37 4 2
38 5 -1
39 5 1
40 2 2
41 0 0
42 0 0
43 0 0
44 5 -3
45 5 -1
46 2 0
47 8 4
48 42 4
49 0 0
50 0 0
51 3 -1
52 13 1
53 5 -3
54 49 -1
55 12 -2
56 29 -3
57 35 -5
58 4 4
59 25 -5
60 20 -4
61 20 -4
62 21 -5
63 35 3
64 40 -6
65 30 4
66 34 -4
67 37 -5
68 33 3
69 32 -4
70 22 0
71 84 -6
72 103 -13
73 70 2
74 70 10
75 90 6
76 121 -11
77 101 -9
78 113 -3
79 99 9
80 74 4
81 80 -6
82 87 5
83 111 -3
84 205 -17
85 218 -22
86 226 -10
87 271 -7
88 260 -178
89 225 -21
90 193 -11
91 229 -13
92 87 -1
93 93 -1
94 24 -8
95 92 -4
96 79 3
97 35 -7
98 12 -4
99 26 -4
100 107 -11
101 78 -4
102 77 -5
103 53 -3
104 109 3
105 36 -8
106 22 4
107 40 -2
108 94 0
109 53 -1
110 25 -1
111 30 -2
112 11 1
113 7 -1
114 2 -2
115 4 0
116 5 1
117 11 -1
118 23 1
119 4 0
120 19 3
121 13 3
122 7 -1
123 9 5
124 6 0
125 2 0
126 1 1
127 6 0
128 3 -1
129 2 0
130 5 1
131 5 -1
132 10 2
133 7 1
134 5 1
135 11 1
136 23 1
137 50 0
138 28 2
139 63 1
140 14 0
141 19 1
142 15 1
143 26 4
144 38 -2
145 34 4
146 19 -5
147 26 2
148 20 -2
149 24 0
150 8 -2
151 7 3
152 21 1
153 9 -3
154 12 6
155 26 -2
156 44 -2
157 26 0
158 8 0
159 15 -1
160 21 1
161 13 1
162 75 3
163 49 3
164 34 4
165 12 0
166 15 -3
167 2 0
168 2 0
169 7 1
170 2 0
171 2 0
172 10 -2
173 26 6
174 19 3
175 21 -1
176 0 0
177 0 0
178 7 1
179 10 0
180 7 -3
181 39 11
182 22 4
183 7 -3
184 9 1
185 25 1
186 64 4
187 33 1
188 2 0
189 38 0
190 0 0
191 6 0
192 27 9
193 2 0
194 0 0
195 4 0
196 8 2
197 0 0
198 2 0
199 2 0
200 13 1
201 0 0
202 1 -1
203 36 12
204 24 0
205 31 1
206 26 2
207 14 4
208 7 -1
209 9 3
210 18 2
211 17 9
212 8 0
213 6 2
214 0 0
215 0 0
216 3 3
217 8 8
218 12 12
219 13 -5
220 1 1
221 6 0
222 20 -2
223 5 -1
224 57 13
225 43 -1
226 9 -1
227 95 9
228 76 2
229 29 7
230 29 -1
231 67 3
232 16 4
233 213 -3
234 48 -2
235 14 0
236 79 5
237 29 1
238 7 -1
239 8 0
240 106 2
241 52 -4
242 3 -1
243 17 1
244 160 -4
245 198 -16
246 205 1
247 101 11
248 79 -5
249 159 -1
250 80 -8
251 196 0
252 326 12
253 261 15
