1 64 6
2 94 22
3 165 -9
4 231 -3
5 151 -17
6 280 -56
7 249 -27
8 232 -22
9 331 -131
10 350 -62
11 417 -45
12 277 -35
13 290 -26
14 344 -96
15 362 -50
16 386 -70
17 442 -146
18 461 -133
19 312 -44
20 276 -56
21 328 -82
22 420 -76
23 351 -137
24 343 -55
25 257 -37
26 259 -69
27 262 -58
28 430 -174
29 284 20
30 248 -56
31 378 -146
32 332 -138
33 493 -79
34 676 -364
35 370 -140
36 369 -37
37 408 -148
38 487 -227
39 489 -171
40 823 -447
41 648 -98
42 202 -42
43 104 -2
44 303 -49
45 630 -170
46 787 -513
47 679 -333
48 1229 -211
49 630 -270
50 794 -330
51 949 -383
52 1167 -375
53 908 -316
54 968 -222
55 1042 -246
56 649 -139
57 1174 -418
58 1648 -982
59 972 -582
60 713 -361
61 1373 -575
62 1363 -819
63 2901 -1703
64 1799 -1361
65 1230 -882
66 1166 -736
67 1167 -563
68 1232 -914
69 913 -397
70 1001 -661
71 1127 -269
72 1421 -445
73 1070 -618
74 895 -371
75 1782 -1304
76 2474 -642
77 4055 -1515
78 2118 -486
79 1294 -750
80 1285 -451
81 1085 -527
82 486 -344
83 389 -315
84 413 -321
85 383 -295
86 627 -455
87 665 -431
88 827 -507
89 1022 -352
90 237 -75
91 236 -148
92 601 -463
93 446 -96
94 581 -357
95 381 -187
96 855 -419
97 1188 -644
98 431 -165
99 282 -150
100 453 -175
101 52 -6
102 472 -244
103 410 -180
104 213 -117
105 60 -28
106 103 -63
107 212 -94
108 166 -78
109 149 -99
110 239 -153
111 146 -96
112 113 -75
113 156 -80
114 140 -50
115 230 -44
116 112 -42
117 126 -28
118 84 -30
119 204 10
120 121 -85
121 143 17
122 186 -20
123 97 -37
124 74 -4
125 225 61
126 142 -98
127 193 41
128 151 -103
129 166 70
130 812 298
131 1034 74
132 397 -263
133 32 -10
134 36 -24
135 227 85
136 273 -53
137 133 -65
138 208 88
139 178 -90
140 162 52
141 780 370
142 1197 79
143 950 -70
144 855 147
145 352 88
146 229 -57
147 871 687
148 3269 387
149 1791 -633
150 1191 589
151 1741 -59
152 1376 124
153 1430 154
154 1621 375
155 1947 219
156 1071 -375
157 398 -6
158 174 -90
159 577 441
160 1421 179
161 1501 15
162 1334 242
163 880 -416
164 76 -6
165 97 45
166 210 40
167 533 221
168 771 125
169 610 28
170 458 -18
171 331 89
172 266 -80
173 176 82
174 249 -9
175 217 37
176 229 27
177 193 -21
178 67 13
179 97 19
180 62 4
181 62 6
182 36 -10
183 1 -1
184 12 4
185 16 8
186 16 0
187 4 -2
188 2 2
189 7 3
190 4 -2
191 4 4
192 7 -3
193 2 0
194 6 0
195 7 3
196 11 1
197 3 1
198 9 -1
199 29 5
200 20 4
201 23 -1
202 13 3
203 60 12
204 33 7
205 38 2
206 50 6
207 102 18
208 98 16
209 181 13
210 101 9
211 157 13
212 133 11
213 389 71
214 576 44
215 389 47
216 430 50
217 844 130
218 872 96
219 2037 447
220 2215 333
221 2745 583
222 4094 852
223 4314 658
224 4335 605
225 2817 69
226 3566 1070
227 4579 825
228 5457 999
229 4967 467
230 4305 503
231 8008 898
232 4049 611
233 4594 624
234 4967 577
235 4229 323
236 2806 150
237 3039 699
238 2343 105
239 821 -91
240 713 141
241 4231 1707
242 5878 748
243 4960 372
244 4246 502
245 3533 357
246 2952 516
247 3684 652
248 1248 -360
249 2283 1011
250 1858 -128
251 2586 774
252 2944 462
253 2394 386
254 3071 745
255 4575 937
256 4886 678
257 3884 488
258 5323 1453
259 5900 1296
260 6534 1504
261 3491 661
262 4774 954
263 3710 690
264 6087 781
265 6462 1554
266 6723 1403
267 7354 1568
268 5488 1198
269 5757 1867
270 7187 919
271 3704 -424
272 377 153
273 4327 1725
274 4868 1370
275 8705 2263
276 3528 -432
277 442 138
278 999 741
279 2319 751
280 2130 208
281 649 13
282 340 250
283 145 29
284 3718 1752
285 2234 -594
286 3506 950
287 4540 296
288 4995 137
289 2440 -776
290 4905 2115
291 6668 370
292 5688 -240
293 3500 -226
294 3585 453
295 1883 -397
296 642 -154
297 4210 1936
298 6849 859
299 3395 -1369
300 1997 87
301 5107 1113
302 2346 -1474
303 1291 93
304 1217 37
305 422 -182
306 601 83
307 286 -18
308 847 87
309 3010 700
310 2568 -10
311 1055 -461
312 3041 1291
313 4699 35
314 2865 -509
315 2541 763
316 3141 441
317 2115 -629
318 2875 589
319 3222 404
320 3878 438
321 3138 -392
322 3991 875
323 3072 -516
324 3157 947
325 4437 1103
326 3035 -237
327 1696 -338
328 3421 1231
329 3990 94
330 3121 437
331 2363 213
332 1600 -74
333 600 50
334 1517 755
335 1937 567
336 1234 220
337 1270 52
338 1101 717
339 749 137
340 601 -145
341 673 -109
342 608 -38
343 1213 287
344 1563 405
345 1283 357
346 1495 1137
347 639 125
348 755 149
349 577 45
350 543 -55
351 424 -116
352 679 305
353 614 40
354 728 326
355 431 45
356 487 117
357 694 404
358 377 43
359 182 28
360 309 153
361 149 71
362 176 16
363 89 1
364 165 9
365 116 -2
366 164 -6
