1 2 2
2 3 3
3 13 1
4 7 -1
5 1 1
6 6 2
7 3 -1
8 4 2
9 8 0
10 10 4
11 0 0
12 0 0
13 5 -1
14 2 2
15 4 2
16 7 1
17 1 -1
18 4 4
19 2 0
20 4 2
21 5 3
22 11 1
23 4 0
24 3 1
25 1 1
26 3 1
27 8 0
28 4 0
29 3 1
30 1 1
31 5 1
32 2 2
33 7 1
34 11 3
35 3 1
36 5 -1
37 0 0
38 4 2
39 1 1
40 2 0
41 9 -1
42 3 1
43 7 1
44 3 -1
45 10 -2
46 0 0
47 6 2
48 13 -1
49 4 2
50 3 -1
51 6 2
52 14 -6
53 5 1
54 14 6
55 11 -3
56 18 -8
57 15 1
58 9 -3
59 7 1
60 5 -1
61 4 0
62 9 1
63 22 2
64 22 2
65 2 0
66 6 0
67 5 1
68 4 0
69 5 1
70 7 3
71 1 -1
72 22 2
73 26 -2
74 21 -3
75 11 -1
76 18 0
77 36 2
78 36 -8
79 22 2
80 26 2
81 29 1
82 25 -1
83 45 -11
84 68 -10
85 86 -16
86 272 -66
87 114 0
88 95 -5
89 91 -23
90 282 -26
91 269 -45
92 135 -11
93 105 -13
94 43 1
95 70 12
96 13 5
97 34 -2
98 35 1
99 36 0
100 54 -4
101 55 1
102 108 -14
103 47 1
104 24 -2
105 38 -10
106 31 -5
107 40 -4
108 92 -12
109 85 -11
110 27 -7
111 28 -6
112 22 2
113 42 0
114 3 1
115 3 -1
116 16 4
117 5 -1
118 4 -2
119 6 -2
120 21 -3
121 10 0
122 4 0
123 15 -1
124 10 0
125 5 -1
126 0 0
127 1 1
128 5 1
129 1 1
130 20 -6
131 9 1
132 24 8
133 29 3
134 51 -9
135 34 12
136 83 25
137 107 5
138 109 15
139 101 -13
140 88 4
141 99 11
142 96 -12
143 58 2
144 80 16
145 105 5
146 77 3
147 94 6
148 103 13
149 109 17
150 146 -18
151 87 5
152 134 26
153 123 -33
154 94 16
155 139 -3
156 129 15
157 132 -18
158 110 14
159 179 7
160 177 5
161 164 4
162 145 11
163 136 -4
164 130 -20
165 58 12
166 90 8
167 108 10
168 90 0
169 96 2
170 73 -1
171 65 11
172 78 -6
173 72 10
174 84 -4
175 76 -8
176 68 -2
177 77 3
178 75 5
179 89 3
180 67 -5
181 68 2
182 73 -9
183 67 7
184 72 0
185 70 2
186 71 -1
187 74 0
188 71 9
189 67 1
190 69 3
191 113 -7
192 63 7
193 69 -3
194 69 1
195 86 -2
196 58 0
197 78 0
198 78 2
199 66 4
200 78 8
201 57 9
202 67 5
203 67 5
204 75 -9
205 53 -1
206 47 -3
207 49 -1
208 60 0
209 65 -3
210 51 1
211 71 -3
212 45 7
213 58 -2
214 54 8
215 76 4
216 75 1
217 70 -6
218 42 -12
219 41 11
220 75 3
221 124 4
222 104 -16
223 76 6
224 143 23
225 212 -8
226 125 -35
227 62 14
228 224 44
229 227 -43
230 45 -11
231 11 1
232 73 25
233 205 11
234 329 31
235 321 -71
236 53 5
237 285 67
238 229 -53
239 44 6
240 93 21
241 186 10
242 117 -39
243 37 13
244 357 75
245 733 -11
246 600 8
247 477 3
248 162 -38
249 229 5
250 469 11
251 481 -1
252 307 -31
253 348 4
254 412 10
255 488 -16
256 269 25
257 185 -9
258 287 17
259 40 -12
260 44 18
261 20 -2
262 67 5
263 63 7
264 310 30
265 70 -24
266 158 16
267 77 -17
268 56 2
269 70 10
270 69 7
271 77 1
272 102 22
273 68 -6
274 113 9
275 167 15
276 122 22
277 93 1
278 188 22
279 76 -6
280 177 21
281 165 -9
282 159 21
283 105 7
284 115 9
285 64 2
286 88 6
287 143 13
