1 4 2
2 2 2
3 0 0
4 8 0
5 4 0
6 10 0
7 3 -1
8 0 0
9 8 2
10 5 1
11 3 -1
12 2 0
13 0 0
14 2 0
15 0 0
16 0 0
17 2 0
18 1 1
19 2 0
20 2 0
21 1 -1
22 8 0
23 1 1
24 2 0
25 0 0
26 0 0
27 9 1
28 1 1
29 7 1
30 1 1
31 0 0
32 2 0
33 0 0
34 6 2
35 11 1
36 0 0
37 1 -1
38 0 0
39 2 0
40 2 0
41 14 0
42 0 0
43 6 2
44 0 0
45 11 -1
46 9 1
47 20 -2
48 15 -5
49 21 -3
50 9 1
51 11 -1
52 4 0
53 5 -1
54 6 4
55 7 -1
56 24 -2
57 21 -9
58 11 3
59 17 -3
60 22 0
61 30 -2
62 13 -7
63 9 -1
64 34 0
65 7 -1
66 18 -4
67 46 -6
68 54 -10
69 29 -3
70 39 -1
71 30 -4
72 24 0
73 36 -6
74 22 -8
75 8 2
76 14 -2
77 48 -16
78 8 0
79 25 -5
80 52 -12
81 82 -8
82 60 -18
83 100 -20
84 22 -2
85 28 -6
86 32 -4
87 38 4
88 53 -7
89 64 0
90 48 -10
91 23 -9
92 16 2
93 31 -11
94 34 -4
95 31 -1
96 35 -1
97 33 -1
98 38 -2
99 23 -1
100 13 1
101 14 2
102 8 4
103 4 0
104 3 -1
105 4 -2
106 6 0
107 0 0
108 7 1
109 7 -1
110 13 1
111 10 0
112 12 -2
113 4 0
114 0 0
115 4 0
116 6 0
117 0 0
118 4 0
119 0 0
120 10 0
121 15 3
122 13 1
123 5 -1
124 8 0
125 10 -2
126 14 0
127 7 1
128 15 -1
129 3 -1
130 9 3
131 13 -1
132 14 -2
133 16 2
134 9 -3
135 21 5
136 3 -1
137 0 0
138 8 0
139 0 0
140 0 0
141 0 0
142 0 0
143 0 0
144 0 0
145 13 -3
146 21 5
147 6 -6
148 16 4
149 13 1
150 16 2
151 20 0
152 10 -2
153 11 -1
154 9 1
155 4 -4
156 9 3
157 8 0
158 2 -2
159 8 2
160 17 5
161 13 -5
162 1 1
163 1 -1
164 2 2
165 2 -2
166 0 0
167 2 2
168 6 2
169 4 -4
170 5 -1
171 0 0
172 1 1
173 4 -2
174 2 2
175 3 -1
176 4 0
177 2 0
178 2 0
179 6 0
180 5 1
181 3 -1
182 4 0
183 2 0
184 3 -1
185 2 0
186 1 -1
187 1 1
188 4 0
189 2 0
190 4 0
191 2 0
192 2 0
193 6 0
194 2 0
195 3 1
196 4 0
197 3 -1
198 3 1
199 4 0
200 4 0
201 4 0
202 4 0
203 4 0
204 4 0
205 3 -1
206 0 0
207 0 0
208 0 0
209 0 0
210 0 0
211 0 0
212 0 0
213 0 0
214 0 0
215 0 0
216 0 0
217 0 0
218 3 1
219 5 -1
220 16 4
221 13 -1
222 1 -1
223 7 3
224 11 -3
225 59 1
226 35 1
227 40 -2
228 32 0
229 128 6
230 15 -1
231 21 1
232 52 2
233 65 5
234 78 6
235 90 4
236 75 -1
237 46 -2
238 48 2
239 71 1
240 87 -1
241 50 -4
242 116 10
243 57 -9
244 109 1
245 20 -4
246 49 1
247 14 -4
