1 4 0
2 10 0
3 10 0
4 13 3
5 16 0
6 12 0
7 2 0
8 0 0
9 12 -2
10 25 1
11 1 1
12 22 0
13 4 0
14 0 0
15 24 0
16 15 -1
17 26 4
18 14 4
19 8 0
20 4 0
21 4 0
22 9 -1
23 19 -1
24 9 -3
25 13 -1
26 5 1
27 5 1
28 4 0
29 0 0
30 20 -2
31 12 0
32 24 2
33 33 1
34 8 0
35 6 0
36 4 0
37 27 -1
38 9 3
39 12 2
40 5 1
41 1 1
42 10 0
43 0 0
44 9 1
45 8 0
46 13 -1
47 4 0
48 4 0
49 2 0
50 12 -2
51 36 -2
52 20 -4
53 14 2
54 15 -3
55 3 -1
56 11 -1
57 111 -5
58 38 -4
59 17 -5
60 5 -3
61 36 -10
62 36 -2
63 54 -10
64 35 1
65 45 -7
66 36 -4
67 26 0
68 44 -2
69 43 -1
70 67 -3
71 49 -3
72 85 -3
73 24 0
74 193 -11
75 239 -13
76 163 -41
77 131 -11
78 113 -13
79 67 7
80 55 -11
81 123 -29
82 112 -36
83 81 -21
84 142 -28
85 246 -50
86 140 -18
87 118 -14
88 85 -13
89 380 -34
90 203 -41
91 115 -39
92 254 -56
93 206 -38
94 109 -15
95 108 -18
96 38 -2
97 29 1
98 27 -7
99 70 -10
100 87 -11
101 218 -24
102 229 -25
103 23 -7
104 36 -4
105 28 -6
106 86 -6
107 81 -1
108 108 -8
109 15 -3
110 17 -1
111 2 0
112 1 -1
113 2 -2
114 0 0
115 0 0
116 0 0
117 0 0
118 0 0
119 3 -1
120 1 -1
121 1 1
122 2 -2
123 0 0
124 0 0
125 0 0
126 0 0
127 1 1
128 1 -1
129 0 0
130 0 0
131 0 0
132 0 0
133 0 0
134 0 0
135 0 0
136 0 0
137 0 0
138 0 0
139 0 0
140 0 0
141 0 0
142 0 0
143 0 0
144 0 0
145 0 0
146 0 0
147 0 0
148 0 0
149 0 0
150 0 0
151 0 0
152 0 0
153 0 0
154 0 0
155 0 0
156 0 0
157 0 0
158 0 0
159 0 0
160 0 0
161 0 0
162 0 0
163 0 0
164 0 0
165 0 0
166 0 0
167 0 0
168 0 0
169 0 0
170 0 0
171 0 0
172 0 0
173 0 0
174 0 0
175 0 0
176 0 0
177 0 0
178 0 0
179 0 0
180 0 0
181 0 0
182 0 0
183 0 0
184 0 0
185 0 0
186 0 0
187 0 0
188 0 0
189 0 0
190 0 0
191 0 0
192 0 0
193 0 0
194 0 0
195 0 0
196 0 0
197 0 0
198 0 0
199 0 0
200 0 0
201 0 0
202 0 0
203 0 0
204 0 0
205 0 0
206 1 1
207 2 0
208 3 -1
209 2 2
210 2 -2
211 0 0
212 2 2
213 9 -5
214 0 0
215 1 1
216 2 0
217 34 6
218 37 5
219 121 -7
220 89 -5
221 67 9
222 163 5
223 388 -6
224 368 48
225 618 -18
226 506 -34
227 345 -7
228 772 10
229 770 -54
230 376 -26
231 175 -15
232 113 9
233 443 5
234 478 -10
235 485 -33
236 242 -4
