1 23 1
2 23 3
3 44 6
4 35 3
5 51 -9
6 90 2
7 28 0
8 40 -2
9 24 4
10 23 5
11 33 3
12 28 2
13 54 -6
14 40 2
15 20 6
16 52 -2
17 84 -4
18 39 1
19 29 1
20 38 -2
21 35 -1
22 24 4
23 33 -1
24 5 1
25 9 1
26 36 -4
27 34 2
28 21 -5
29 37 -1
30 32 -2
31 43 5
32 27 1
33 21 -1
34 20 0
35 12 2
36 49 7
37 15 1
38 38 6
39 28 -6
40 31 -3
41 35 -3
42 42 0
43 30 0
44 14 0
45 53 -9
46 128 -14
47 104 -10
48 59 -15
49 57 -5
50 81 -17
51 77 -3
52 42 -12
53 101 -7
54 80 12
55 51 1
56 82 -20
57 135 -29
58 175 -25
59 164 -42
60 166 -20
61 132 -20
62 130 -14
63 192 -38
64 339 -13
65 165 -23
66 549 -73
67 780 -162
68 363 -19
69 335 -23
70 341 -19
71 376 -44
72 411 -13
73 556 -54
74 375 -53
75 307 -9
76 625 -47
77 1024 -164
78 447 -35
79 1136 -110
80 2091 -233
81 1247 -171
82 1774 -212
83 1231 -227
84 748 -84
85 513 -71
86 663 -27
87 793 -103
88 1079 -47
89 1259 -193
90 2583 -189
91 734 -82
92 686 -48
93 1684 -58
94 1954 -36
95 1080 -72
96 1217 -41
97 850 -52
98 680 -18
99 280 -26
100 161 -15
101 28 -4
102 122 0
103 25 -3
104 17 -3
105 62 -10
106 62 -8
107 88 -8
108 94 -12
109 68 -8
110 77 -1
111 60 4
112 169 1
113 217 -11
114 135 3
115 183 21
116 178 8
117 121 -23
118 121 29
119 173 -9
120 75 -3
121 502 70
122 537 -51
123 33 -7
124 35 3
125 49 3
126 179 35
127 304 -20
128 262 60
129 308 6
130 440 106
131 569 -71
132 211 3
133 200 8
134 154 -16
135 70 -10
136 28 -4
137 66 6
138 616 160
139 1607 51
140 681 -93
141 71 13
142 458 146
143 534 -82
144 583 205
145 1393 -83
146 411 27
147 448 -2
148 523 125
149 864 -86
150 430 60
151 587 25
152 747 59
153 1013 -23
154 596 48
155 677 -51
156 467 95
157 759 17
158 296 -60
159 461 93
160 494 -48
161 297 7
162 237 -3
163 73 -17
164 47 11
165 23 -9
166 102 40
167 136 -12
168 112 12
169 125 -13
170 55 9
171 153 -7
172 92 2
173 83 -1
174 57 1
175 13 -3
176 31 3
177 73 1
178 91 -1
179 94 -6
180 78 -8
181 52 -2
182 37 -3
183 2 0
184 8 0
185 0 0
186 6 0
187 0 0
188 20 0
189 36 0
190 12 0
191 47 1
192 6 0
193 4 0
194 3 1
195 48 0
196 3 -1
197 2 0
198 5 -1
199 4 0
200 13 1
201 29 -1
202 12 0
203 64 -6
204 29 1
205 92 2
206 41 -1
207 46 2
208 38 0
209 55 1
210 89 -5
211 84 6
212 32 0
213 5 -3
214 76 8
215 148 10
216 180 12
217 328 12
218 528 52
219 901 93
220 480 0
221 921 89
222 543 -41
223 832 186
224 1144 -18
225 1008 4
226 811 19
227 1083 109
228 725 19
229 1873 175
230 1493 89
231 900 -114
232 2181 407
233 2304 32
234 2183 117
235 2096 204
236 2149 63
237 2189 109
238 3149 225
239 2858 18
240 3254 242
241 1199 -149
242 4736 392
243 3775 77
244 2856 82
245 1711 -105
246 3103 223
247 1583 -7
248 2832 262
249 1085 -129
250 2990 226
251 1259 -33
252 3956 236
253 1020 -70
254 501 15
255 1793 209
256 3866 172
257 952 -90
258 1401 123
259 247 -23
260 831 131
261 201 -49
262 190 16
263 1435 105
264 2049 93
265 4246 234
266 2272 50
267 3692 180
268 5056 156
269 997 -7
270 3591 301
271 2706 8
272 1506 74
273 150 -16
274 1042 102
275 2941 91
276 2130 -64
277 3124 160
278 1092 -124
279 1633 57
280 2171 -13
281 1304 34
282 633 189
283 363 129
284 946 52
285 98 4
286 1642 268
287 703 9
288 1562 140
289 2370 104
290 318 -14
291 1793 115
292 394 30
293 1049 143
294 1862 100
295 2432 132
296 2269 41
297 1930 60
298 1556 80
299 2060 150
300 679 -67
301 1305 177
302 2677 109
303 2942 -114
304 1217 -75
305 1057 -27
306 500 -6
307 497 79
308 1550 198
309 777 -105
310 1287 -7
311 3983 167
312 2259 -91
313 1920 -8
314 2242 -8
315 3980 -34
316 1162 -16
317 1575 -19
318 1483 -15
319 1530 -26
320 1456 18
321 1841 65
322 2436 -74
323 3149 15
324 2676 54
325 3916 -64
326 1442 -130
327 2647 183
328 5745 155
329 2793 -141
330 2262 20
331 1352 -88
332 2118 26
333 1872 -28
334 3127 431
335 1288 -78
336 1346 -16
337 1925 35
338 595 -71
339 779 55
340 836 96
341 298 -62
342 210 -16
343 267 -3
344 204 18
345 84 28
346 112 18
347 153 15
348 109 31
349 101 -5
350 100 -18
351 115 -23
352 130 0
353 158 26
354 138 32
355 127 -17
356 146 20
357 290 50
358 91 -1
359 95 7
360 88 32
361 117 13
362 54 12
363 48 -2
364 23 1
365 32 4
366 36 4
