1 41 -1
2 92 2
3 50 0
4 1 1
5 9 -3
6 27 1
7 12 0
8 6 0
9 3 1
10 55 5
11 10 4
12 0 0
13 0 0
14 0 0
15 0 0
16 7 1
17 29 3
18 38 -2
19 21 -1
20 24 -6
21 14 2
22 50 2
23 19 1
24 5 3
25 29 5
26 9 -1
27 65 -5
28 59 3
29 28 0
30 16 -2
31 34 6
32 22 -4
33 60 -2
34 31 -5
35 12 2
36 17 1
37 37 -5
38 48 -18
39 46 -6
40 7 -3
41 8 2
42 60 -4
43 92 2
44 75 -5
45 45 -1
46 46 -12
47 101 -5
48 16 0
49 16 0
50 53 3
51 32 -4
52 40 2
53 58 -4
54 49 -11
55 23 -1
56 6 0
57 30 -6
58 50 -2
59 39 -5
60 87 7
61 36 0
62 73 -9
63 58 -8
64 94 -8
65 112 -26
66 100 -24
67 129 -23
68 207 -17
69 215 -29
70 75 -5
71 212 -44
72 145 -15
73 196 -20
74 133 -11
75 270 -58
76 321 -59
77 475 -73
78 713 -121
79 177 -37
80 552 -82
81 336 -70
82 408 -46
83 536 -96
84 994 -214
85 1351 -255
86 1009 -223
87 1531 -239
88 1391 -213
89 1359 -151
90 642 -94
91 953 -121
92 981 -97
93 922 -108
94 1403 -141
95 1625 -169
96 1998 -214
97 694 -70
98 963 -39
99 612 -38
100 832 -72
101 912 -60
102 408 -16
103 766 -10
104 864 -34
105 458 -40
106 310 -12
107 334 -30
108 186 -20
109 139 -19
110 58 -8
111 15 -3
112 103 -9
113 84 -14
114 58 -16
115 59 -7
116 20 0
117 17 -1
118 12 -4
119 15 -3
120 22 -4
121 49 -3
122 72 -2
123 78 6
124 151 25
125 203 -39
126 196 28
127 370 12
128 456 34
129 648 20
130 803 19
131 1025 1
132 1105 -9
133 1025 -73
134 219 7
135 859 93
136 1182 -106
137 147 -7
138 50 12
139 422 40
140 772 72
141 1512 6
142 1048 -72
143 1404 54
144 1558 -32
145 831 -65
146 217 -5
147 566 116
148 902 -6
149 1013 13
150 692 -78
151 1249 109
152 945 -67
153 551 -15
154 1099 85
155 1031 -67
156 398 -16
157 426 6
158 389 -9
159 182 -24
160 351 49
161 340 -52
162 151 7
163 164 -10
164 89 1
165 25 -9
166 37 9
167 103 13
168 63 -15
169 105 5
170 11 -7
171 30 2
172 41 -5
173 22 -2
174 13 1
175 15 -1
176 13 -3
177 26 -2
178 12 2
179 39 3
180 19 1
181 11 -1
182 17 1
183 11 -1
184 21 1
185 24 0
186 37 -5
187 17 3
188 3 -1
189 0 0
190 14 0
191 0 0
192 14 0
193 4 2
194 21 -1
195 17 9
196 10 0
197 0 0
198 10 0
199 2 0
200 15 -1
201 44 2
202 15 -1
203 4 2
204 131 -3
205 118 -4
206 95 -1
207 131 1
208 59 1
209 148 12
210 276 2
211 62 -4
212 91 -1
213 177 7
214 30 -8
215 775 13
216 412 -4
217 167 -15
218 1071 49
219 376 -18
220 303 -3
221 1095 99
222 778 -50
223 1024 16
224 1049 1
225 1128 -2
226 1249 103
227 878 -104
228 2323 267
229 3078 -132
230 1872 -60
231 1741 61
232 1831 -59
233 1742 78
234 756 -164
235 2013 205
236 1386 -220
237 1875 247
238 4071 -43
239 2763 -141
240 2021 161
241 2869 -119
242 1050 -88
243 1535 183
244 2535 37
245 2812 -66
246 2163 -117
247 1983 23
248 2835 83
249 1141 -161
250 1654 86
251 1934 90
252 2460 -56
253 1891 -5
254 1118 70
255 1440 62
256 1994 72
257 2131 21
258 1602 120
259 2040 70
260 1330 74
261 1613 11
262 360 -42
263 1305 29
264 1349 25
265 1716 52
266 935 -67
267 1749 63
268 823 -21
269 2173 101
270 3357 35
271 3065 85
272 2229 23
273 1525 45
274 364 10
275 3212 352
276 1032 -182
277 1446 176
278 332 -108
279 478 34
280 141 -33
281 151 35
282 1346 172
283 2217 -15
284 1526 82
285 1239 21
286 795 -57
287 815 27
288 748 6
289 422 28
290 260 36
291 259 51
292 987 83
293 1657 151
294 1322 82
295 632 -18
296 1074 74
297 2773 161
298 1544 10
299 1698 138
300 3521 83
301 1447 -7
302 900 -18
303 1675 151
304 2970 116
305 5011 5
306 785 -117
307 1102 14
308 1281 47
309 2006 64
310 1449 -37
311 1172 -42
312 2156 106
313 1868 22
314 1796 -28
315 3798 76
316 1640 96
317 1141 19
318 841 -1
319 886 0
320 858 30
321 770 -14
322 2193 67
323 2283 43
324 2663 43
325 2849 -5
326 2007 -19
327 2303 53
328 1769 -17
329 3458 30
330 4666 284
331 1753 127
332 2020 -32
333 3383 255
334 1535 109
335 889 -5
336 666 -150
337 479 29
338 1721 213
339 955 69
340 563 -113
341 755 133
342 874 76
343 546 -74
344 306 16
345 462 4
346 421 59
347 271 59
348 310 88
349 247 -7
350 117 3
351 178 10
352 111 -1
353 75 1
354 89 -1
355 136 2
356 121 33
357 95 5
358 121 -7
359 101 9
360 64 6
361 78 -4
362 30 0
363 43 -1
364 74 -2
365 104 4
366 57 1
367 32 0
