1 28 -2
2 65 5
3 43 -3
4 48 4
5 27 1
6 27 -5
7 27 1
8 41 -1
9 30 2
10 25 -1
11 26 0
12 20 2
13 18 2
14 16 2
15 9 1
16 6 2
17 26 2
18 6 2
19 11 1
20 32 -10
21 23 5
22 21 -1
23 21 -3
24 31 -5
25 46 -2
26 29 -5
27 18 -6
28 37 5
29 29 3
30 19 -5
31 40 2
32 67 -11
33 45 1
34 34 -4
35 36 8
36 11 1
37 13 -1
38 18 0
39 18 0
40 18 4
41 20 -2
42 58 -8
43 41 -3
44 26 -4
45 36 2
46 27 3
47 19 -5
48 33 -3
49 11 -5
50 98 -10
51 41 -11
52 18 -4
53 37 -1
54 15 -1
55 41 5
56 24 0
57 12 0
58 33 -1
59 20 -4
60 10 -4
61 10 0
62 15 3
63 2 0
64 20 4
65 54 2
66 78 -6
67 174 -30
68 70 -12
69 78 -30
70 253 -105
71 118 -40
72 294 -80
73 59 -25
74 92 -18
75 138 10
76 106 10
77 95 3
78 97 5
79 227 -7
80 243 -3
81 174 -32
82 271 -57
83 136 -22
84 404 -72
85 526 -110
86 278 -70
87 418 -122
88 465 -31
89 378 -34
90 457 -39
91 379 -7
92 424 -18
93 730 -186
94 681 -241
95 926 -200
96 354 -92
97 237 -67
98 887 -225
99 586 -128
100 450 -100
101 277 -75
102 226 -66
103 374 -76
104 253 -75
105 170 -12
106 106 -20
107 100 -32
108 299 -1
109 254 -30
110 210 -40
111 280 -34
112 122 -8
113 308 18
114 239 -27
115 99 1
116 26 2
117 13 -3
118 60 10
119 326 42
120 379 -37
121 259 63
122 233 -49
123 162 36
124 314 4
125 472 42
126 374 64
127 555 33
128 861 1
129 923 77
130 880 34
131 511 -67
132 647 73
133 732 -32
134 719 127
135 1359 -19
136 489 -27
137 759 101
138 642 -88
139 548 98
140 658 -16
141 482 44
142 1058 104
143 1096 -34
144 682 -28
145 492 60
146 841 21
147 364 -24
148 291 11
149 651 93
150 755 -31
151 560 44
152 462 -34
153 379 15
154 373 -13
155 198 22
156 130 -32
157 72 -2
158 34 0
159 85 5
160 82 -6
161 109 5
162 62 -8
163 47 1
164 5 -3
165 3 1
166 5 1
167 12 2
168 12 2
169 20 0
170 2 0
171 13 -1
172 21 3
173 2 0
174 2 0
175 6 0
176 37 -1
177 32 0
178 4 0
179 12 0
180 24 -2
181 17 1
182 12 2
183 24 -2
184 23 5
185 25 1
186 27 -1
187 25 5
188 18 2
189 21 3
190 47 3
191 11 -1
192 31 3
193 23 -3
194 31 5
195 11 1
196 63 1
197 35 1
198 61 9
199 39 3
200 33 -1
201 25 3
202 50 0
203 33 -3
204 128 2
205 123 -1
206 98 8
207 77 3
208 128 8
209 130 10
210 62 -8
211 234 32
212 268 14
213 323 31
214 421 27
215 481 41
216 632 62
217 515 3
218 603 63
219 1143 173
220 1513 -15
221 889 19
222 252 -56
223 1175 331
224 1207 -185
225 1205 321
226 2952 130
227 1025 -191
228 1199 321
229 2640 124
230 1741 -89
231 1782 316
232 2343 9
233 1741 -67
234 3332 286
235 1560 74
236 1583 -27
237 840 -62
238 419 -61
239 1536 188
240 470 -104
241 1230 206
242 1378 -8
243 267 -139
244 759 135
245 1361 107
246 856 -94
247 1176 156
248 1800 108
249 1903 49
250 1852 78
251 912 -60
252 2210 310
253 2804 32
254 2529 109
255 1739 77
256 1869 151
257 3190 128
258 2218 66
259 1784 18
260 3419 171
261 2451 107
262 2289 95
263 4813 145
264 2796 116
265 398 -26
266 118 -6
267 254 18
268 37 -11
269 424 30
270 106 8
271 1324 258
272 277 -37
273 888 66
274 507 11
275 323 3
276 37 -7
277 432 62
278 942 152
279 3090 178
280 2769 -9
281 1087 -65
282 966 76
283 1582 132
284 1692 56
285 2331 173
286 2692 124
287 2223 -31
288 2404 152
289 2504 82
290 1948 46
291 1966 14
292 854 32
293 1028 74
294 751 33
295 614 62
296 261 13
297 79 1
298 233 23
299 139 9
300 197 41
301 373 19
302 400 40
303 268 -14
304 240 12
305 1327 135
306 1034 24
307 1244 -8
308 832 -12
309 331 21
310 1151 111
311 1368 -22
312 1037 -27
313 977 -7
314 2141 9
315 1792 18
316 1452 -40
317 2034 64
318 3528 -70
319 3660 24
320 3437 -95
321 3860 4
322 1912 128
323 1278 28
324 2377 143
325 623 67
326 553 85
327 391 43
328 482 -86
329 690 18
330 293 -31
331 235 57
332 195 1
333 295 87
334 239 -9
335 348 -10
336 387 -39
337 799 -1
338 1191 31
339 1839 125
340 1065 43
341 230 -72
342 147 -1
343 420 68
344 321 57
345 192 58
346 224 40
347 305 31
348 193 13
349 151 33
350 54 6
351 51 7
352 123 -9
353 123 5
354 87 7
355 52 -6
356 108 -2
357 53 7
358 60 4
359 59 9
360 66 2
361 49 -9
362 88 -4
363 82 0
364 67 1
365 64 6
366 21 -3
