1 23 5
2 49 -5
3 41 -1
4 30 4
5 9 1
6 37 1
7 67 3
8 50 4
9 58 2
10 45 3
11 44 2
12 51 1
13 67 1
14 30 -2
15 92 -4
16 70 -10
17 50 -2
18 110 -6
19 68 0
20 45 1
21 52 2
22 53 3
23 35 -1
24 44 -2
25 76 4
26 40 -8
27 58 4
28 60 -6
29 48 2
30 13 1
31 69 -11
32 75 -13
33 92 -8
34 66 -12
35 54 -2
36 74 0
37 51 -1
38 95 -19
39 98 -22
40 173 -15
41 100 0
42 50 4
43 27 3
44 19 -1
45 122 -16
46 89 -23
47 90 -14
48 258 -22
49 138 -16
50 135 -21
51 89 -21
52 153 -19
53 118 -10
54 102 -24
55 113 -1
56 159 -23
57 122 -6
58 194 -22
59 185 -29
60 224 -36
61 327 -53
62 414 -80
63 282 -120
64 308 -54
65 274 -80
66 316 -90
67 269 -27
68 358 -60
69 434 -98
70 643 -133
71 349 -49
72 494 -104
73 190 -40
74 277 -17
75 541 -65
76 750 -180
77 737 -151
78 1627 -231
79 1860 -252
80 831 -125
81 862 -144
82 421 -27
83 278 -8
84 297 -43
85 382 -16
86 363 -25
87 387 -69
88 797 -139
89 554 -52
90 482 0
91 224 -26
92 355 -51
93 540 -46
94 656 -58
95 255 -21
96 682 -78
97 899 -121
98 658 -80
99 267 -51
100 249 -31
101 282 -24
102 391 -47
103 353 -17
104 287 -35
105 131 1
106 51 -3
107 126 -2
108 174 -8
109 82 -14
110 72 -4
111 84 -4
112 41 -7
113 155 -1
114 55 3
115 138 6
116 139 -9
117 79 11
118 119 -1
119 295 41
120 234 -32
121 81 9
122 288 22
123 425 11
124 115 -13
125 422 42
126 206 -16
127 39 -5
128 15 -3
129 429 79
130 510 28
131 410 2
132 187 -41
133 41 -1
134 71 3
135 77 -1
136 220 30
137 157 -5
138 469 97
139 733 -55
140 1010 54
141 543 11
142 790 18
143 881 41
144 370 -60
145 172 14
146 350 12
147 1077 119
148 1017 29
149 529 -65
150 585 51
151 866 44
152 538 -28
153 355 -13
154 1206 130
155 1201 27
156 700 2
157 312 -48
158 15 -5
159 261 57
160 538 26
161 538 -8
162 239 -21
163 116 -6
164 94 0
165 38 2
166 126 22
167 213 17
168 227 19
169 195 -15
170 61 -9
171 15 -3
172 10 0
173 2 -2
174 26 6
175 21 -3
176 26 -2
177 3 -1
178 4 2
179 129 -7
180 26 -2
181 1 1
182 1 -1
183 3 -1
184 0 0
185 0 0
186 1 1
187 2 0
188 12 0
189 0 0
190 0 0
191 12 0
192 0 0
193 4 0
194 30 2
195 31 -1
196 22 0
197 15 1
198 17 1
199 47 -1
200 14 2
201 25 -1
202 16 0
203 39 1
204 24 0
205 35 1
206 41 -1
207 12 0
208 36 0
209 74 0
210 49 5
211 97 1
212 451 45
213 121 11
214 86 6
215 390 8
216 204 12
217 285 -5
218 305 29
219 344 48
220 598 14
221 1151 67
222 833 47
223 1431 129
224 1030 28
225 996 -12
226 1347 251
227 1523 63
228 2925 341
229 2693 31
230 1901 157
231 2653 89
232 1932 20
233 2421 297
234 3458 96
235 2134 24
236 2258 80
237 1679 37
238 977 -87
239 1177 223
240 601 -171
241 988 148
242 1524 72
243 1936 190
244 1963 -35
245 2066 102
246 1019 -17
247 291 -85
248 260 32
249 2220 396
250 931 -203
251 975 139
252 1820 180
253 1147 -31
254 344 -90
255 2077 327
256 3450 118
257 1426 -64
258 3964 234
259 3767 37
260 3708 108
261 1206 2
262 2054 174
263 2322 100
264 1792 68
265 1751 179
266 3304 86
267 3655 161
268 3410 156
269 3265 119
270 1179 81
271 163 -51
272 93 15
273 3597 189
274 1162 32
275 536 66
276 519 113
277 256 102
278 1598 248
279 1155 81
280 498 38
281 580 52
282 821 75
283 70 -14
284 2223 255
285 708 -10
286 410 8
287 2710 196
288 493 -95
289 60 -10
290 684 110
291 2161 181
292 1587 93
293 1252 -32
294 1562 110
295 427 -91
296 226 84
297 1431 161
298 1110 74
299 2316 176
300 1218 -24
301 473 -27
302 1151 61
303 441 -21
304 399 33
305 78 -10
306 324 68
307 268 50
308 437 39
309 1338 112
310 747 -37
311 475 -5
312 519 27
313 1073 89
314 876 -12
315 1268 32
316 1170 38
317 1475 21
318 1488 -52
319 1601 -21
320 1222 12
321 2433 -39
322 1127 67
323 737 -61
324 2392 46
325 3538 94
326 1673 35
327 1331 35
328 2713 99
329 2246 18
330 2111 67
331 1403 225
332 636 -80
333 556 30
334 697 89
335 328 14
336 285 27
337 380 140
338 563 47
339 235 -81
340 413 -33
341 334 38
342 771 17
343 1130 182
344 1038 100
345 425 59
346 234 -6
347 275 -85
348 369 79
349 215 -43
350 258 -20
351 408 -34
352 246 -10
353 392 102
354 218 64
355 132 38
356 151 29
357 127 17
358 130 12
359 130 34
360 92 20
361 59 11
362 32 2
363 50 6
364 45 -3
365 28 8
366 84 6
367 42 2
