1 17 -1
2 49 -1
3 22 4
4 22 2
5 44 2
6 15 -1
7 23 -1
8 38 0
9 36 0
10 27 3
11 23 -1
12 20 4
13 14 2
14 33 1
15 15 5
16 23 1
17 12 0
18 24 6
19 16 -2
20 54 0
21 49 1
22 65 -3
23 44 -6
24 45 -1
25 4 2
26 4 0
27 21 3
28 29 7
29 9 1
30 32 2
31 64 4
32 8 2
33 24 2
34 15 1
35 7 -1
36 21 1
37 7 -1
38 3 3
39 4 0
40 1 -1
41 13 1
42 1 1
43 6 -2
44 20 2
45 15 -3
46 13 -1
47 28 -4
48 16 2
49 42 -2
50 24 -4
51 35 -7
52 57 -23
53 62 -18
54 67 -21
55 70 -18
56 36 -10
57 54 2
58 43 -15
59 67 -21
60 78 -24
61 169 -5
62 155 -27
63 73 1
64 90 0
65 130 -8
66 51 -7
67 168 -4
68 93 -5
69 92 -10
70 178 -48
71 164 -18
72 117 -19
73 315 -61
74 402 -66
75 557 -157
76 497 -119
77 372 -110
78 145 7
79 220 -30
80 211 -41
81 352 -62
82 939 -145
83 1316 -280
84 1256 -314
85 1074 -202
86 765 -107
87 421 -99
88 1065 -185
89 1228 -268
90 1417 -257
91 448 -88
92 694 -56
93 400 -48
94 457 -85
95 247 -1
96 189 -11
97 177 -29
98 319 -37
99 802 -38
100 813 -81
101 879 -101
102 457 -7
103 243 -27
104 186 -12
105 214 -14
106 738 -38
107 335 -53
108 305 -21
109 311 -27
110 302 -12
111 53 -9
112 47 -3
113 44 -2
114 70 -8
115 20 -2
116 13 -1
117 6 -2
118 30 -2
119 67 -3
120 44 0
121 29 -5
122 49 -3
123 24 -2
124 3 -1
125 1 1
126 13 -1
127 12 0
128 19 1
129 54 -2
130 38 -2
131 36 0
132 85 17
133 65 -13
134 82 8
135 178 36
136 256 6
137 348 24
138 295 7
139 374 8
140 688 44
141 308 -22
142 71 -11
143 308 74
144 502 12
145 211 -59
146 143 19
147 221 25
148 433 57
149 480 12
150 267 -7
151 770 84
152 733 -59
153 443 81
154 581 -21
155 722 76
156 4 0
157 367 -55
158 582 50
159 963 33
160 783 17
161 858 48
162 720 12
163 447 19
164 104 -24
165 329 31
166 327 29
167 261 -15
168 295 13
169 347 9
170 241 7
171 165 1
172 88 4
173 70 -4
174 56 -4
175 62 0
176 47 -5
177 44 2
178 42 0
179 52 2
180 24 0
181 18 -2
182 25 1
183 26 -2
184 45 1
185 55 -1
186 59 1
187 87 1
188 65 -3
189 85 3
190 20 -2
191 69 -1
192 44 0
193 33 -3
194 33 -1
195 58 0
196 47 -3
197 38 0
198 51 -3
199 40 0
200 83 3
201 94 0
202 33 1
203 55 1
204 98 4
205 100 -2
206 61 1
207 95 3
208 125 3
209 128 4
210 147 7
211 151 -5
212 97 7
213 51 -3
214 63 3
215 270 24
216 364 20
217 186 0
218 240 24
219 338 18
220 278 20
221 793 97
222 574 -26
223 464 20
224 717 137
225 944 32
226 535 -83
227 1337 219
228 1254 78
229 863 -155
230 86 -16
231 217 39
232 671 99
233 1124 112
234 1362 126
235 568 -180
236 490 44
237 1054 238
238 730 -178
239 249 9
240 791 195
241 866 -28
242 303 -93
243 864 104
244 2492 480
245 3001 -37
246 2059 19
247 2149 131
248 1486 -56
249 2288 356
250 3085 111
251 2722 56
252 2504 84
253 3002 132
254 2412 22
255 2551 145
256 2457 33
257 3309 75
258 2583 75
259 380 -80
260 568 84
261 603 27
262 2032 96
263 1974 66
264 2671 37
265 245 -59
266 1380 144
267 153 -39
268 449 97
269 2715 225
270 2166 62
271 2702 146
272 2865 129
273 371 -55
274 1402 140
275 2921 145
276 2570 104
277 1580 94
278 2769 267
279 476 -106
280 4482 272
281 1316 -134
282 1154 134
283 2049 -7
284 808 54
285 396 42
286 1330 144
287 1789 161
288 479 3
289 1205 173
290 1597 85
291 280 -14
292 1731 303
293 376 -50
294 68 18
