1 34 2
2 39 5
3 32 0
4 40 2
5 27 1
6 27 5
7 23 -3
8 35 1
9 36 -2
10 32 -4
11 26 4
12 14 0
13 25 5
14 26 2
15 22 4
16 25 1
17 44 0
18 32 2
19 18 0
20 11 1
21 82 0
22 50 0
23 63 -9
24 12 2
25 34 6
26 51 1
27 24 -4
28 65 5
29 31 3
30 24 -2
31 63 -3
32 18 0
33 22 0
34 20 0
35 28 2
36 34 2
37 19 -1
38 45 -3
39 10 0
40 6 0
41 7 1
42 5 1
43 32 6
44 6 0
45 10 0
46 13 -1
47 80 2
48 41 -7
49 35 -5
50 19 -1
51 27 5
52 57 -3
53 63 -3
54 39 -5
55 67 -3
56 31 1
57 101 -7
58 116 -8
59 230 -32
60 68 -22
61 139 -13
62 46 -2
63 280 -30
64 657 -99
65 522 -60
66 449 5
67 154 -4
68 192 -8
69 223 -45
70 269 -25
71 443 -31
72 111 -9
73 41 -7
74 450 -80
75 303 -79
76 853 -135
77 839 -91
78 344 -60
79 503 -11
80 716 -68
81 1329 -141
82 1425 -229
83 1533 -157
84 1606 -220
85 1557 -201
86 2102 -338
87 2432 -132
88 2194 -212
89 1515 -149
90 2585 -163
91 2970 -236
92 1232 -164
93 742 -56
94 647 -61
95 757 -61
96 490 -64
97 323 -23
98 509 -33
99 549 -31
100 955 -109
101 520 -48
102 93 -11
103 83 -21
104 81 -9
105 198 -22
106 164 -24
107 301 7
108 204 -14
109 134 -2
110 76 -4
111 149 3
112 178 -12
113 61 -5
114 86 0
115 158 -10
116 107 13
117 93 -13
118 137 -5
119 56 -2
120 64 -4
121 26 -2
122 12 0
123 19 -1
124 1 -1
125 7 -1
126 80 18
127 61 -3
128 157 -3
129 74 -12
130 35 11
131 56 2
132 80 -4
133 312 50
134 407 -11
135 401 3
136 377 -7
137 351 1
138 338 26
139 647 -1
140 738 14
141 677 -33
142 847 57
143 750 6
144 537 -105
145 453 77
146 1013 25
147 1097 43
148 1073 -49
149 1621 49
150 791 -17
151 661 -25
152 281 -17
153 797 191
154 996 -120
155 644 42
156 684 -54
157 514 26
158 373 -91
159 77 -1
160 260 56
161 260 -28
162 307 89
163 431 -87
164 95 -19
165 84 18
166 174 44
167 231 -43
168 45 -15
169 35 19
170 100 6
171 116 -20
172 36 -8
173 36 10
174 38 -10
175 7 -1
176 11 1
177 6 0
178 4 -2
179 0 0
180 7 3
181 2 -2
182 0 0
183 0 0
184 6 0
185 0 0
186 0 0
187 8 0
188 0 0
189 1 -1
190 0 0
191 4 0
192 0 0
193 0 0
194 0 0
195 13 -1
196 4 0
197 5 -1
198 2 0
199 17 1
200 8 0
201 0 0
202 9 -1
203 14 0
204 20 2
205 11 -1
206 8 0
207 8 0
208 4 0
209 0 0
210 7 1
211 9 3
212 8 0
213 0 0
214 0 0
215 0 0
216 0 0
217 0 0
218 0 0
219 0 0
220 0 0
221 0 0
222 0 0
223 0 0
224 0 0
225 0 0
226 0 0
227 0 0
228 0 0
229 0 0
230 0 0
231 0 0
232 0 0
233 0 0
234 0 0
235 0 0
236 0 0
237 0 0
238 0 0
239 0 0
240 0 0
241 0 0
242 0 0
243 0 0
244 0 0
245 0 0
246 0 0
247 0 0
248 0 0
249 0 0
250 0 0
251 0 0
252 0 0
253 0 0
254 0 0
255 0 0
256 0 0
257 0 0
258 0 0
259 0 0
260 0 0
261 0 0
262 0 0
263 0 0
264 0 0
265 0 0
266 0 0
267 0 0
268 0 0
269 0 0
270 0 0
271 0 0
272 0 0
273 0 0
274 0 0
275 0 0
276 0 0
277 0 0
278 0 0
279 0 0
280 0 0
281 0 0
282 0 0
283 0 0
284 0 0
285 0 0
286 0 0
287 0 0
288 0 0
289 0 0
290 0 0
291 0 0
292 0 0
293 0 0
294 0 0
295 0 0
296 0 0
297 0 0
298 0 0
299 0 0
300 0 0
301 0 0
302 0 0
303 0 0
304 0 0
305 0 0
306 0 0
307 0 0
308 0 0
309 0 0
310 0 0
311 0 0
312 0 0
313 0 0
314 0 0
315 833 43
316 1153 131
317 2196 -26
318 1777 45
319 798 -12
320 1842 84
321 2180 58
322 4051 91
323 5449 145
324 2498 106
325 2575 -29
326 2533 127
327 2571 27
328 2430 16
329 3187 57
330 3317 261
331 3411 59
332 1836 62
333 2017 93
334 1367 101
335 1831 153
336 1355 13
337 991 101
338 452 -20
339 295 -5
340 316 -10
341 268 6
342 373 33
343 217 79
344 250 20
345 504 112
346 486 -4
347 446 20
348 246 12
349 172 -16
350 226 22
351 137 25
352 175 75
353 130 14
354 71 -27
355 108 2
356 110 12
357 97 35
358 77 1
359 69 9
360 96 30
361 91 29
362 78 2
363 53 9
364 18 4
365 26 -2
366 38 -4
